RANK 0 BOUNDS: Point[-100, -100] Point[200, 200]
[ TICK 1] 0;3;-100;-100;1;3;-99;-99;2;3;-98;-98;3;3;-97;-97;4;3;-96;-96;5;3;-95;-95;6;3;-94;-94;7;3;-93;-93;8;3;-92;-92;9;3;-91;-91;10;2;-90;-90;11;2;-89;-89;12;2;-88;-88;13;2;-87;-87;14;2;-86;-86;15;2;-85;-85;16;2;-84;-84;17;2;-83;-83;18;2;-82;-82;19;2;-81;-81;20;2;-80;-80;21;2;-79;-79;22;2;-78;-78;23;2;-77;-77;24;2;-76;-76;25;2;-75;-75;26;2;-74;-74;27;2;-73;-73;28;2;-72;-72;29;2;-71;-71;30;2;-70;-70;31;2;-69;-69;32;2;-68;-68;33;2;-67;-67;34;2;-66;-66;35;2;-65;-65;36;2;-64;-64;37;2;-63;-63;38;2;-62;-62;39;2;-61;-61;
[ TICK 2] 0;3;-99;-99;1;3;-98;-99;2;3;-97;-98;3;3;-98;-96;4;3;-95;-96;5;3;-94;-96;6;3;-94;-93;7;3;-92;-93;8;3;-92;-92;9;3;-92;-92;10;2;-90;-90;11;2;-89;-90;12;2;-88;-87;13;2;-87;-86;14;2;-87;-85;15;2;-84;-85;16;2;-85;-84;17;2;-84;-84;18;2;-83;-83;19;2;-81;-81;20;2;-80;-81;21;2;-78;-78;22;2;-79;-78;23;2;-76;-76;24;2;-77;-76;25;2;-76;-75;26;2;-73;-75;27;2;-72;-72;28;2;-73;-72;29;2;-70;-71;30;2;-69;-69;31;2;-68;-70;32;2;-68;-68;33;2;-66;-67;34;2;-65;-66;35;2;-65;-65;36;2;-63;-65;37;2;-64;-63;38;2;-63;-62;39;2;-62;-60;
[ TICK 3] 0;3;-99;-99;1;3;-98;-100;2;3;-96;-98;3;3;-98;-95;4;3;-95;-97;5;3;-95;-96;6;3;-94;-93;7;3;-93;-94;8;3;-93;-91;9;3;-91;-91;10;2;-90;-90;11;2;-89;-90;12;2;-87;-88;13;2;-87;-86;14;2;-87;-86;15;2;-84;-85;16;2;-84;-84;17;2;-85;-85;18;2;-82;-82;19;2;-82;-80;20;2;-80;-82;21;2;-79;-77;22;2;-78;-77;23;2;-76;-75;24;2;-76;-76;25;2;-76;-75;26;2;-74;-76;27;2;-72;-72;28;2;-72;-71;29;2;-70;-72;30;2;-69;-70;31;2;-67;-69;32;2;-69;-69;33;2;-66;-68;34;2;-65;-65;35;2;-64;-64;36;2;-64;-66;37;2;-63;-62;38;2;-62;-63;39;2;-63;-61;
[ TICK 4] 0;3;-98;-98;1;3;-98;-99;2;3;-96;-97;3;3;-97;-94;4;3;-94;-98;5;3;-96;-95;6;3;-95;-93;7;3;-92;-94;8;3;-94;-92;9;3;-91;-92;10;2;-91;-90;11;2;-90;-91;12;2;-87;-88;13;2;-86;-85;14;2;-86;-85;15;2;-84;-84;16;2;-85;-83;17;2;-85;-85;18;2;-83;-83;19;2;-82;-80;20;2;-80;-83;21;2;-78;-77;22;2;-78;-77;23;2;-75;-74;24;2;-77;-76;25;2;-76;-76;26;2;-73;-76;27;2;-73;-72;28;2;-71;-70;29;2;-69;-73;30;2;-69;-70;31;2;-68;-68;32;2;-69;-69;33;2;-67;-68;34;2;-65;-64;35;2;-65;-65;36;2;-64;-65;37;2;-63;-63;38;2;-63;-62;39;2;-62;-61;
[ TICK 5] 0;3;-99;-98;1;3;-99;-99;2;3;-97;-96;3;3;-98;-93;4;3;-95;-98;5;3;-96;-96;6;3;-94;-94;7;3;-93;-95;8;3;-95;-93;9;3;-92;-91;10;2;-92;-89;11;2;-89;-92;12;2;-87;-87;13;2;-87;-86;14;2;-86;-84;15;2;-85;-84;16;2;-84;-83;17;2;-85;-85;18;2;-83;-83;19;2;-83;-81;20;2;-81;-83;21;2;-77;-76;22;2;-78;-77;23;2;-74;-74;24;2;-77;-77;25;2;-75;-76;26;2;-72;-76;27;2;-73;-72;28;2;-70;-69;29;2;-69;-72;30;2;-69;-69;31;2;-69;-69;32;2;-70;-68;33;2;-66;-67;34;2;-65;-63;35;2;-64;-65;36;2;-65;-64;37;2;-64;-62;38;2;-63;-61;39;2;-62;-61;
[ TICK 6] 0;3;-100;-97;1;3;-99;-100;2;3;-96;-95;3;3;-98;-92;4;3;-95;-99;5;3;-97;-95;6;3;-95;-94;7;3;-94;-96;8;3;-95;-94;9;3;-92;-92;10;2;-91;-90;11;2;-89;-93;12;2;-87;-88;13;2;-88;-87;14;2;-86;-84;15;2;-85;-85;16;2;-84;-82;17;2;-85;-85;18;2;-83;-82;19;2;-83;-81;20;2;-80;-84;21;2;-76;-76;22;2;-77;-78;23;2;-74;-74;24;2;-77;-77;25;2;-74;-75;26;2;-71;-77;27;2;-72;-71;28;2;-71;-70;29;2;-68;-73;30;2;-68;-68;31;2;-68;-68;32;2;-70;-69;33;2;-65;-66;34;2;-66;-62;35;2;-63;-65;36;2;-66;-64;37;2;-63;-62;38;2;-64;-61;39;2;-63;-62;
[ TICK 7] 0;3;-99;-96;1;3;-100;-100;2;3;-97;-95;3;3;-99;-92;4;3;-96;-99;5;3;-97;-95;6;3;-96;-93;7;3;-93;-96;8;3;-94;-94;9;3;-91;-93;10;2;-92;-89;11;2;-90;-92;12;2;-87;-87;13;2;-87;-87;14;2;-86;-85;15;2;-85;-86;16;2;-83;-83;17;2;-86;-86;18;2;-84;-81;19;2;-82;-82;20;2;-81;-84;21;2;-77;-75;22;2;-76;-79;23;2;-73;-75;24;2;-78;-78;25;2;-74;-74;26;2;-71;-76;27;2;-73;-71;28;2;-70;-70;29;2;-68;-72;30;2;-67;-69;31;2;-68;-68;32;2;-69;-70;33;2;-66;-66;34;2;-65;-61;35;2;-62;-66;36;2;-65;-63;37;2;-63;-63;38;2;-64;-62;39;2;-63;-63;
[ TICK 8] 0;3;-100;-95;1;3;-100;-99;2;3;-96;-94;3;3;-99;-93;4;3;-97;-98;5;3;-96;-96;6;3;-97;-93;7;3;-92;-97;8;3;-93;-93;9;3;-92;-94;10;2;-91;-88;11;2;-91;-92;12;2;-88;-86;13;2;-87;-87;14;2;-85;-85;15;2;-84;-86;16;2;-83;-82;17;2;-85;-86;18;2;-84;-80;19;2;-83;-82;20;2;-80;-84;21;2;-78;-74;22;2;-75;-79;23;2;-72;-75;24;2;-79;-79;25;2;-75;-73;26;2;-71;-76;27;2;-72;-71;28;2;-70;-69;29;2;-68;-71;30;2;-66;-68;31;2;-69;-68;32;2;-69;-70;33;2;-66;-65;34;2;-64;-62;35;2;-63;-65;36;2;-64;-64;37;2;-63;-63;38;2;-64;-61;39;2;-63;-63;
 INVALID: -101,-98
[ TICK 9] 0;3;-100;-94;1;3;-100;-98;2;3;-96;-95;3;3;-99;-94;4;3;-96;-98;5;3;-96;-96;6;3;-98;-93;7;3;-93;-98;8;3;-92;-93;9;3;-92;-93;10;2;-92;-87;11;2;-90;-91;12;2;-87;-86;13;2;-88;-88;14;2;-86;-84;15;2;-85;-85;16;2;-83;-83;17;2;-85;-87;18;2;-85;-79;19;2;-83;-81;20;2;-79;-83;21;2;-77;-75;22;2;-75;-79;23;2;-73;-76;24;2;-79;-78;25;2;-75;-73;26;2;-72;-77;27;2;-72;-72;28;2;-70;-68;29;2;-68;-70;30;2;-65;-67;31;2;-68;-68;32;2;-68;-70;33;2;-65;-64;34;2;-64;-63;35;2;-63;-66;36;2;-65;-64;37;2;-63;-64;38;2;-64;-61;39;2;-62;-63;
 INVALID: -101,-94
 INVALID: -101,-95
[ TICK 10] 0;3;-99;-95;1;3;-100;-99;2;3;-97;-95;3;3;-98;-95;4;3;-96;-98;5;3;-95;-96;6;3;-99;-94;7;3;-94;-97;8;3;-93;-92;9;3;-92;-92;10;2;-92;-88;11;2;-90;-91;12;2;-88;-87;13;2;-88;-87;14;2;-86;-85;15;2;-85;-84;16;2;-83;-82;17;2;-86;-86;18;2;-85;-78;19;2;-83;-82;20;2;-80;-82;21;2;-76;-76;22;2;-76;-78;23;2;-73;-75;24;2;-78;-78;25;2;-74;-74;26;2;-71;-76;27;2;-71;-72;28;2;-69;-69;29;2;-67;-71;30;2;-66;-68;31;2;-68;-67;32;2;-69;-69;33;2;-65;-63;34;2;-63;-63;35;2;-63;-67;36;2;-64;-64;37;2;-63;-64;38;2;-64;-62;39;2;-62;-62;
 INVALID: -101,-99
[ TICK 11] 0;3;-98;-96;1;3;-100;-100;2;3;-96;-94;3;3;-97;-96;4;3;-97;-98;5;3;-94;-96;6;3;-100;-93;7;3;-95;-97;8;3;-94;-92;9;3;-93;-91;10;2;-93;-89;11;2;-90;-92;12;2;-88;-86;13;2;-87;-88;14;2;-86;-84;15;2;-85;-85;16;2;-84;-83;17;2;-87;-87;18;2;-85;-77;19;2;-84;-82;20;2;-81;-81;21;2;-77;-76;22;2;-77;-77;23;2;-72;-75;24;2;-78;-77;25;2;-73;-75;26;2;-70;-76;27;2;-72;-73;28;2;-69;-68;29;2;-68;-72;30;2;-65;-69;31;2;-68;-67;32;2;-68;-69;33;2;-64;-62;34;2;-62;-62;35;2;-64;-68;36;2;-65;-63;37;2;-62;-63;38;2;-64;-63;39;2;-61;-61;
 INVALID: -101,-100
 INVALID: -99,-101
[ TICK 12] 0;3;-97;-97;1;3;-99;-100;2;3;-97;-94;3;3;-96;-97;4;3;-96;-97;5;3;-93;-95;6;3;-99;-93;7;3;-96;-96;8;3;-94;-91;9;3;-93;-91;10;2;-93;-88;11;2;-90;-91;12;2;-88;-87;13;2;-87;-89;14;2;-85;-83;15;2;-86;-86;16;2;-84;-82;17;2;-87;-86;18;2;-85;-76;19;2;-84;-82;20;2;-81;-81;21;2;-78;-77;22;2;-77;-76;23;2;-72;-75;24;2;-78;-76;25;2;-73;-75;26;2;-71;-75;27;2;-72;-72;28;2;-69;-69;29;2;-67;-71;30;2;-66;-70;31;2;-69;-68;32;2;-67;-68;33;2;-63;-61;34;2;-61;-63;35;2;-64;-67;36;2;-65;-62;37;2;-63;-62;38;2;-64;-64;39;2;-61;-62;
 INVALID: -98,-101
 INVALID: -100,-101
[ TICK 13] 0;3;-98;-97;1;3;-99;-99;2;3;-97;-95;3;3;-97;-97;4;3;-97;-96;5;3;-93;-94;6;3;-99;-94;7;3;-95;-95;8;3;-95;-92;9;3;-92;-92;10;2;-92;-87;11;2;-90;-90;12;2;-88;-88;13;2;-87;-89;14;2;-85;-83;15;2;-85;-87;16;2;-85;-83;17;2;-86;-85;18;2;-86;-76;19;2;-85;-82;20;2;-82;-82;21;2;-78;-76;22;2;-76;-77;23;2;-73;-74;24;2;-77;-76;25;2;-72;-74;26;2;-72;-75;27;2;-71;-73;28;2;-69;-68;29;2;-68;-72;30;2;-67;-69;31;2;-69;-67;32;2;-67;-69;33;2;-63;-62;34;2;-61;-63;35;2;-65;-68;36;2;-66;-61;37;2;-64;-63;38;2;-64;-63;39;2;-62;-63;
[ TICK 14] 0;3;-98;-98;1;3;-100;-100;2;3;-98;-96;3;3;-96;-98;4;3;-97;-95;5;3;-94;-94;6;3;-98;-93;7;3;-94;-94;8;3;-94;-93;9;3;-92;-92;10;2;-91;-87;11;2;-89;-89;12;2;-87;-87;13;2;-86;-90;14;2;-86;-82;15;2;-85;-86;16;2;-86;-83;17;2;-87;-84;18;2;-86;-76;19;2;-86;-83;20;2;-82;-81;21;2;-77;-76;22;2;-76;-76;23;2;-72;-75;24;2;-78;-77;25;2;-72;-75;26;2;-71;-75;27;2;-71;-73;28;2;-70;-69;29;2;-69;-72;30;2;-66;-68;31;2;-68;-68;32;2;-68;-70;33;2;-62;-61;34;2;-61;-62;35;2;-64;-67;36;2;-65;-62;37;2;-63;-63;38;2;-63;-62;39;2;-63;-62;
 INVALID: -101,-99
[ TICK 15] 0;3;-97;-98;1;3;-99;-100;2;3;-97;-96;3;3;-97;-99;4;3;-97;-94;5;3;-93;-95;6;3;-98;-93;7;3;-93;-93;8;3;-95;-93;9;3;-91;-93;10;2;-92;-86;11;2;-88;-90;12;2;-86;-88;13;2;-87;-89;14;2;-85;-83;15;2;-85;-86;16;2;-85;-82;17;2;-87;-83;18;2;-85;-76;19;2;-86;-83;20;2;-82;-80;21;2;-78;-76;22;2;-77;-77;23;2;-71;-76;24;2;-79;-76;25;2;-73;-75;26;2;-72;-74;27;2;-72;-74;28;2;-71;-69;29;2;-69;-72;30;2;-66;-69;31;2;-68;-68;32;2;-67;-69;33;2;-62;-61;34;2;-62;-63;35;2;-63;-67;36;2;-66;-62;37;2;-62;-64;38;2;-64;-62;39;2;-63;-61;
[ TICK 16] 0;3;-98;-98;1;3;-99;-99;2;3;-96;-96;3;3;-96;-98;4;3;-96;-93;5;3;-92;-94;6;3;-98;-94;7;3;-92;-92;8;3;-94;-93;9;3;-92;-92;10;2;-91;-87;11;2;-89;-91;12;2;-86;-88;13;2;-87;-88;14;2;-84;-82;15;2;-86;-86;16;2;-86;-83;17;2;-86;-84;18;2;-84;-75;19;2;-85;-83;20;2;-82;-79;21;2;-79;-77;22;2;-77;-78;23;2;-71;-75;24;2;-80;-75;25;2;-72;-74;26;2;-73;-75;27;2;-73;-74;28;2;-70;-69;29;2;-69;-71;30;2;-65;-70;31;2;-69;-68;32;2;-67;-68;33;2;-63;-62;34;2;-61;-64;35;2;-63;-66;36;2;-66;-63;37;2;-62;-64;38;2;-65;-61;39;2;-62;-61;
[ TICK 17] 0;3;-98;-99;1;3;-100;-99;2;3;-96;-96;3;3;-95;-98;4;3;-95;-92;5;3;-92;-93;6;3;-97;-95;7;3;-93;-91;8;3;-93;-92;9;3;-91;-92;10;2;-90;-87;11;2;-90;-92;12;2;-87;-89;13;2;-86;-88;14;2;-84;-81;15;2;-87;-86;16;2;-87;-83;17;2;-85;-84;18;2;-83;-74;19;2;-84;-84;20;2;-82;-79;21;2;-79;-76;22;2;-78;-79;23;2;-70;-74;24;2;-81;-74;25;2;-72;-73;26;2;-74;-75;27;2;-73;-73;28;2;-70;-69;29;2;-68;-72;30;2;-65;-70;31;2;-70;-69;32;2;-67;-67;33;2;-62;-62;34;2;-60;-64;35;2;-64;-67;36;2;-67;-62;37;2;-62;-63;38;2;-64;-62;39;2;-61;-60;
 INVALID: -101,-100
 INVALID: -101,-98
[ TICK 18] 0;3;-98;-100;1;3;-100;-99;2;3;-97;-97;3;3;-95;-99;4;3;-94;-92;5;3;-92;-94;6;3;-96;-94;7;3;-93;-91;8;3;-92;-93;9;3;-91;-93;10;2;-90;-87;11;2;-91;-93;12;2;-87;-90;13;2;-86;-88;14;2;-84;-80;15;2;-87;-87;16;2;-87;-83;17;2;-86;-85;18;2;-83;-75;19;2;-84;-83;20;2;-81;-79;21;2;-79;-77;22;2;-78;-80;23;2;-71;-74;24;2;-80;-74;25;2;-73;-74;26;2;-75;-76;27;2;-74;-73;28;2;-71;-68;29;2;-67;-73;30;2;-66;-71;31;2;-70;-69;32;2;-68;-68;33;2;-61;-62;34;2;-61;-64;35;2;-63;-67;36;2;-67;-62;37;2;-63;-63;38;2;-65;-61;39;2;-60;-61;
[ TICK 19] 0;3;-98;-99;1;3;-100;-98;2;3;-96;-97;3;3;-96;-98;4;3;-93;-93;5;3;-91;-94;6;3;-97;-94;7;3;-92;-92;8;3;-93;-93;9;3;-92;-93;10;2;-91;-87;11;2;-92;-94;12;2;-87;-89;13;2;-85;-89;14;2;-85;-81;15;2;-87;-88;16;2;-86;-83;17;2;-87;-86;18;2;-84;-75;19;2;-84;-83;20;2;-80;-80;21;2;-78;-77;22;2;-79;-80;23;2;-71;-75;24;2;-79;-75;25;2;-73;-73;26;2;-76;-75;27;2;-74;-73;28;2;-72;-67;29;2;-68;-74;30;2;-66;-71;31;2;-69;-70;32;2;-69;-67;33;2;-60;-63;34;2;-62;-63;35;2;-63;-68;36;2;-66;-61;37;2;-64;-63;38;2;-66;-60;39;2;-59;-60;
[ TICK 20] 0;3;-99;-100;1;3;-100;-98;2;3;-96;-96;3;3;-97;-99;4;3;-92;-94;5;3;-91;-94;6;3;-96;-93;7;3;-93;-91;8;3;-94;-93;9;3;-92;-92;10;2;-90;-88;11;2;-91;-94;12;2;-86;-88;13;2;-84;-88;14;2;-85;-82;15;2;-86;-87;16;2;-86;-83;17;2;-88;-87;18;2;-84;-74;19;2;-85;-83;20;2;-81;-79;21;2;-79;-78;22;2;-80;-80;23;2;-70;-75;24;2;-78;-74;25;2;-72;-72;26;2;-77;-76;27;2;-75;-72;28;2;-73;-68;29;2;-67;-74;30;2;-66;-70;31;2;-68;-70;32;2;-70;-66;33;2;-60;-62;34;2;-61;-62;35;2;-62;-69;36;2;-65;-62;37;2;-63;-62;38;2;-66;-59;39;2;-58;-61;
FUI CONTAGIADO, ID AgentId(11, 0, 0, 0)
 INVALID: -101,-97
 INVALID: -101,-99
[ TICK 21] 0;3;-98;-99;1;3;-100;-97;2;3;-95;-97;3;3;-98;-99;4;3;-93;-93;5;3;-92;-94;6;3;-97;-92;7;3;-94;-90;8;3;-93;-92;9;3;-92;-91;10;2;-90;-87;11;3;-92;-93;12;2;-86;-88;13;2;-84;-88;14;2;-85;-82;15;2;-87;-87;16;2;-86;-83;17;2;-89;-86;18;2;-83;-75;19;2;-84;-84;20;2;-81;-80;21;2;-78;-78;22;2;-80;-80;23;2;-69;-74;24;2;-77;-73;25;2;-72;-71;26;2;-78;-77;27;2;-75;-73;28;2;-72;-68;29;2;-66;-75;30;2;-66;-69;31;2;-67;-71;32;2;-70;-67;33;2;-60;-62;34;2;-62;-63;35;2;-63;-70;36;2;-64;-63;37;2;-63;-62;38;2;-66;-60;39;2;-59;-61;
[ TICK 22] 0;3;-98;-99;1;3;-99;-97;2;3;-95;-98;3;3;-98;-98;4;3;-94;-92;5;3;-92;-95;6;3;-96;-91;7;3;-93;-91;8;3;-93;-93;9;3;-93;-90;10;2;-89;-86;11;3;-93;-92;12;2;-85;-87;13;2;-85;-89;14;2;-86;-81;15;2;-88;-88;16;2;-85;-84;17;2;-89;-86;18;2;-84;-75;19;2;-83;-83;20;2;-82;-80;21;2;-78;-77;22;2;-80;-80;23;2;-69;-73;24;2;-76;-73;25;2;-72;-72;26;2;-79;-78;27;2;-75;-73;28;2;-71;-67;29;2;-66;-76;30;2;-67;-68;31;2;-67;-72;32;2;-69;-67;33;2;-61;-61;34;2;-62;-62;35;2;-64;-69;36;2;-63;-63;37;2;-62;-63;38;2;-67;-61;39;2;-60;-62;
[ TICK 23] 0;3;-97;-98;1;3;-100;-96;2;3;-94;-97;3;3;-99;-99;4;3;-94;-93;5;3;-93;-94;6;3;-96;-92;7;3;-94;-90;8;3;-92;-94;9;3;-92;-90;10;2;-89;-86;11;3;-94;-92;12;2;-86;-87;13;2;-85;-90;14;2;-87;-80;15;2;-88;-87;16;2;-85;-85;17;2;-90;-86;18;2;-83;-75;19;2;-82;-84;20;2;-82;-80;21;2;-79;-77;22;2;-79;-80;23;2;-70;-73;24;2;-76;-72;25;2;-73;-71;26;2;-80;-78;27;2;-74;-72;28;2;-70;-67;29;2;-67;-76;30;2;-68;-68;31;2;-68;-71;32;2;-70;-67;33;2;-61;-60;34;2;-63;-63;35;2;-64;-69;36;2;-64;-64;37;2;-61;-63;38;2;-66;-60;39;2;-61;-63;
[ TICK 24] 0;3;-97;-97;1;3;-100;-97;2;3;-95;-97;3;3;-99;-99;4;3;-93;-92;5;3;-94;-94;6;3;-97;-92;7;3;-95;-91;8;3;-92;-93;9;3;-92;-90;10;2;-88;-85;11;3;-93;-91;12;2;-87;-86;13;2;-84;-91;14;2;-86;-79;15;2;-88;-87;16;2;-85;-84;17;2;-91;-85;18;2;-84;-75;19;2;-83;-85;20;2;-82;-80;21;2;-80;-77;22;2;-78;-81;23;2;-71;-72;24;2;-76;-71;25;2;-73;-72;26;2;-79;-78;27;2;-75;-71;28;2;-69;-66;29;2;-68;-76;30;2;-69;-67;31;2;-68;-72;32;2;-69;-68;33;2;-61;-60;34;2;-64;-63;35;2;-63;-70;36;2;-64;-65;37;2;-61;-63;38;2;-65;-59;39;2;-60;-62;
 INVALID: -101,-96
[ TICK 25] 0;3;-98;-96;1;3;-99;-96;2;3;-94;-97;3;3;-98;-98;4;3;-94;-91;5;3;-93;-93;6;3;-97;-93;7;3;-95;-90;8;3;-91;-92;9;3;-93;-91;10;2;-87;-86;11;3;-94;-90;12;2;-88;-85;13;2;-85;-92;14;2;-87;-79;15;2;-88;-87;16;2;-86;-84;17;2;-92;-86;18;2;-83;-75;19;2;-82;-85;20;2;-83;-81;21;2;-80;-77;22;2;-79;-82;23;2;-70;-73;24;2;-75;-70;25;2;-73;-73;26;2;-78;-79;27;2;-74;-70;28;2;-69;-65;29;2;-69;-77;30;2;-69;-66;31;2;-67;-73;32;2;-70;-67;33;2;-62;-60;34;2;-64;-63;35;2;-64;-71;36;2;-65;-64;37;2;-60;-62;38;2;-64;-59;39;2;-60;-61;
[ TICK 26] 0;3;-97;-97;1;3;-99;-97;2;3;-94;-98;3;3;-99;-98;4;3;-93;-90;5;3;-92;-92;6;3;-98;-92;7;3;-96;-89;8;3;-91;-93;9;3;-92;-91;10;2;-87;-87;11;3;-94;-89;12;2;-87;-86;13;2;-84;-91;14;2;-86;-79;15;2;-87;-87;16;2;-85;-83;17;2;-91;-86;18;2;-82;-74;19;2;-81;-86;20;2;-84;-82;21;2;-79;-77;22;2;-78;-81;23;2;-70;-73;24;2;-76;-69;25;2;-72;-73;26;2;-78;-79;27;2;-75;-71;28;2;-69;-64;29;2;-68;-78;30;2;-68;-66;31;2;-66;-74;32;2;-71;-68;33;2;-62;-61;34;2;-63;-63;35;2;-65;-70;36;2;-64;-64;37;2;-60;-61;38;2;-64;-58;39;2;-61;-62;
[ TICK 27] 0;3;-96;-97;1;3;-99;-98;2;3;-93;-99;3;3;-100;-98;4;3;-93;-90;5;3;-92;-93;6;3;-99;-91;7;3;-97;-90;8;3;-90;-92;9;3;-91;-91;10;2;-88;-86;11;3;-94;-89;12;2;-86;-87;13;2;-84;-91;14;2;-87;-80;15;2;-86;-88;16;2;-86;-83;17;2;-91;-85;18;2;-83;-74;19;2;-82;-86;20;2;-85;-82;21;2;-78;-76;22;2;-78;-82;23;2;-69;-72;24;2;-77;-70;25;2;-72;-72;26;2;-77;-80;27;2;-75;-72;28;2;-68;-63;29;2;-69;-78;30;2;-67;-67;31;2;-66;-74;32;2;-72;-67;33;2;-62;-61;34;2;-64;-63;35;2;-65;-71;36;2;-64;-63;37;2;-59;-61;38;2;-64;-59;39;2;-61;-62;
[ TICK 28] 0;3;-97;-97;1;3;-100;-98;2;3;-93;-99;3;3;-100;-98;4;3;-93;-89;5;3;-92;-94;6;3;-98;-91;7;3;-96;-91;8;3;-90;-93;9;3;-90;-91;10;2;-89;-86;11;3;-93;-88;12;2;-85;-87;13;2;-83;-92;14;2;-86;-80;15;2;-85;-88;16;2;-86;-83;17;2;-91;-85;18;2;-82;-74;19;2;-81;-86;20;2;-86;-83;21;2;-79;-75;22;2;-77;-83;23;2;-70;-72;24;2;-76;-70;25;2;-73;-71;26;2;-77;-79;27;2;-76;-72;28;2;-68;-63;29;2;-69;-78;30;2;-67;-66;31;2;-66;-74;32;2;-71;-67;33;2;-61;-61;34;2;-65;-62;35;2;-64;-70;36;2;-64;-62;37;2;-58;-60;38;2;-65;-58;39;2;-60;-63;
[ TICK 29] 0;3;-96;-98;1;3;-100;-98;2;3;-92;-99;3;3;-100;-99;4;3;-94;-89;5;3;-92;-94;6;3;-97;-92;7;3;-97;-90;8;3;-89;-94;9;3;-90;-91;10;2;-90;-85;11;3;-92;-89;12;2;-85;-87;13;2;-83;-93;14;2;-85;-80;15;2;-85;-87;16;2;-85;-84;17;2;-92;-85;18;2;-83;-74;19;2;-80;-87;20;2;-85;-84;21;2;-79;-75;22;2;-78;-84;23;2;-69;-73;24;2;-75;-70;25;2;-72;-72;26;2;-76;-80;27;2;-77;-72;28;2;-68;-64;29;2;-69;-78;30;2;-66;-66;31;2;-66;-73;32;2;-72;-66;33;2;-60;-60;34;2;-64;-61;35;2;-63;-70;36;2;-65;-63;37;2;-57;-61;38;2;-64;-57;39;2;-61;-64;
[ TICK 30] 0;3;-95;-97;1;3;-100;-97;2;3;-93;-98;3;3;-99;-98;4;3;-93;-88;5;3;-93;-94;6;3;-96;-91;7;3;-97;-91;8;3;-89;-93;9;3;-90;-91;10;2;-89;-84;11;3;-93;-88;12;2;-86;-86;13;2;-84;-94;14;2;-85;-80;15;2;-84;-86;16;2;-85;-84;17;2;-92;-84;18;2;-83;-74;19;2;-80;-88;20;2;-85;-83;21;2;-80;-76;22;2;-78;-85;23;2;-68;-72;24;2;-75;-70;25;2;-71;-71;26;2;-75;-80;27;2;-78;-72;28;2;-67;-64;29;2;-69;-79;30;2;-66;-66;31;2;-67;-73;32;2;-73;-67;33;2;-59;-61;34;2;-64;-61;35;2;-62;-71;36;2;-66;-64;37;2;-56;-62;38;2;-65;-58;39;2;-61;-64;
[ TICK 31] 0;3;-95;-98;1;3;-100;-96;2;3;-94;-97;3;3;-98;-97;4;3;-94;-89;5;3;-94;-95;6;3;-95;-91;7;3;-98;-91;8;3;-89;-93;9;3;-90;-90;10;2;-88;-83;11;3;-93;-89;12;2;-86;-85;13;2;-83;-95;14;2;-85;-79;15;2;-84;-86;16;2;-84;-83;17;2;-93;-85;18;2;-84;-75;19;2;-79;-89;20;2;-86;-83;21;2;-81;-75;22;2;-79;-86;23;2;-68;-71;24;2;-75;-71;25;2;-72;-71;26;2;-75;-79;27;2;-77;-71;28;2;-66;-63;29;2;-68;-79;30;2;-65;-67;31;2;-67;-72;32;2;-73;-67;33;2;-58;-62;34;2;-65;-60;35;2;-61;-71;36;2;-66;-64;37;2;-57;-62;38;2;-66;-58;39;2;-61;-64;
[ TICK 32] 0;3;-94;-97;1;3;-100;-96;2;3;-95;-97;3;3;-98;-97;4;3;-93;-89;5;3;-94;-96;6;3;-94;-91;7;3;-99;-90;8;3;-90;-92;9;3;-91;-89;10;2;-89;-83;11;3;-92;-89;12;2;-86;-86;13;2;-83;-95;14;2;-84;-78;15;2;-85;-86;16;2;-83;-82;17;2;-93;-84;18;2;-85;-74;19;2;-78;-88;20;2;-85;-83;21;2;-81;-76;22;2;-80;-85;23;2;-67;-71;24;2;-75;-71;25;2;-72;-70;26;2;-75;-79;27;2;-76;-72;28;2;-67;-64;29;2;-68;-80;30;2;-65;-68;31;2;-68;-71;32;2;-73;-68;33;2;-58;-61;34;2;-64;-61;35;2;-62;-70;36;2;-66;-63;37;2;-56;-62;38;2;-66;-59;39;2;-62;-64;
[ TICK 33] 0;3;-95;-98;1;3;-99;-95;2;3;-96;-97;3;3;-99;-97;4;3;-94;-90;5;3;-93;-96;6;3;-94;-92;7;3;-98;-89;8;3;-89;-93;9;3;-92;-88;10;2;-88;-84;11;3;-91;-88;12;2;-86;-86;13;2;-82;-95;14;2;-83;-78;15;2;-84;-85;16;2;-83;-81;17;2;-92;-84;18;2;-84;-75;19;2;-78;-87;20;2;-84;-84;21;2;-80;-77;22;2;-80;-84;23;2;-67;-72;24;2;-76;-70;25;2;-71;-70;26;2;-74;-80;27;2;-76;-72;28;2;-68;-63;29;2;-69;-81;30;2;-64;-69;31;2;-68;-71;32;2;-72;-69;33;2;-59;-62;34;2;-65;-60;35;2;-62;-69;36;2;-66;-64;37;2;-57;-61;38;2;-65;-59;39;2;-61;-63;
[ TICK 34] 0;3;-96;-97;1;3;-100;-95;2;3;-96;-97;3;3;-98;-96;4;3;-93;-89;5;3;-92;-96;6;3;-95;-93;7;3;-98;-89;8;3;-89;-92;9;3;-93;-88;10;2;-89;-85;11;3;-91;-88;12;2;-85;-85;13;2;-82;-94;14;2;-83;-77;15;2;-84;-85;16;2;-84;-82;17;2;-91;-85;18;2;-83;-76;19;2;-79;-87;20;2;-83;-85;21;2;-80;-77;22;2;-81;-84;23;2;-67;-73;24;2;-77;-71;25;2;-72;-70;26;2;-73;-79;27;2;-77;-73;28;2;-68;-62;29;2;-70;-82;30;2;-63;-70;31;2;-68;-71;32;2;-71;-68;33;2;-60;-61;34;2;-66;-59;35;2;-62;-70;36;2;-65;-64;37;2;-57;-61;38;2;-64;-59;39;2;-61;-64;
[ TICK 35] 0;3;-97;-97;1;3;-100;-94;2;3;-96;-96;3;3;-97;-96;4;3;-92;-90;5;3;-91;-96;6;3;-94;-94;7;3;-97;-90;8;3;-89;-91;9;3;-93;-89;10;2;-89;-84;11;3;-91;-89;12;2;-86;-86;13;2;-83;-93;14;2;-83;-78;15;2;-84;-85;16;2;-85;-83;17;2;-91;-86;18;2;-83;-75;19;2;-78;-87;20;2;-82;-85;21;2;-79;-78;22;2;-80;-83;23;2;-66;-73;24;2;-78;-71;25;2;-72;-71;26;2;-72;-79;27;2;-76;-73;28;2;-68;-61;29;2;-71;-83;30;2;-62;-71;31;2;-69;-71;32;2;-70;-69;33;2;-61;-62;34;2;-65;-59;35;2;-62;-70;36;2;-65;-65;37;2;-58;-60;38;2;-63;-59;39;2;-62;-64;
 INVALID: -101,-93
[ TICK 36] 0;3;-98;-97;1;3;-100;-95;2;3;-97;-96;3;3;-98;-95;4;3;-91;-89;5;3;-91;-97;6;3;-94;-95;7;3;-97;-89;8;3;-88;-91;9;3;-94;-88;10;2;-88;-83;11;3;-92;-88;12;2;-87;-86;13;2;-84;-93;14;2;-83;-78;15;2;-84;-86;16;2;-84;-82;17;2;-92;-85;18;2;-84;-74;19;2;-78;-86;20;2;-83;-86;21;2;-78;-78;22;2;-80;-82;23;2;-65;-74;24;2;-77;-72;25;2;-72;-70;26;2;-72;-80;27;2;-77;-72;28;2;-67;-60;29;2;-72;-82;30;2;-62;-71;31;2;-70;-70;32;2;-71;-70;33;2;-62;-62;34;2;-65;-60;35;2;-62;-69;36;2;-66;-64;37;2;-59;-60;38;2;-64;-60;39;2;-63;-64;
[ TICK 37] 0;3;-98;-98;1;3;-99;-94;2;3;-97;-96;3;3;-97;-94;4;3;-91;-88;5;3;-90;-96;6;3;-95;-94;7;3;-98;-88;8;3;-88;-90;9;3;-93;-87;10;2;-88;-83;11;3;-92;-89;12;2;-87;-87;13;2;-85;-94;14;2;-83;-78;15;2;-85;-86;16;2;-84;-81;17;2;-93;-86;18;2;-84;-75;19;2;-77;-87;20;2;-82;-86;21;2;-77;-79;22;2;-81;-81;23;2;-65;-75;24;2;-77;-72;25;2;-72;-69;26;2;-73;-79;27;2;-77;-73;28;2;-66;-61;29;2;-72;-82;30;2;-62;-72;31;2;-70;-69;32;2;-71;-71;33;2;-61;-61;34;2;-65;-61;35;2;-61;-69;36;2;-65;-64;37;2;-60;-59;38;2;-64;-60;39;2;-64;-65;
[ TICK 38] 0;3;-99;-98;1;3;-99;-95;2;3;-98;-96;3;3;-97;-93;4;3;-90;-88;5;3;-91;-96;6;3;-96;-94;7;3;-99;-87;8;3;-89;-91;9;3;-94;-86;10;2;-88;-82;11;3;-91;-89;12;2;-87;-86;13;2;-84;-93;14;2;-83;-78;15;2;-85;-86;16;2;-85;-80;17;2;-92;-85;18;2;-83;-75;19;2;-76;-87;20;2;-83;-87;21;2;-77;-80;22;2;-81;-80;23;2;-66;-75;24;2;-78;-73;25;2;-73;-68;26;2;-74;-78;27;2;-78;-72;28;2;-65;-62;29;2;-72;-82;30;2;-63;-71;31;2;-70;-70;32;2;-70;-70;33;2;-60;-62;34;2;-65;-62;35;2;-61;-70;36;2;-64;-63;37;2;-61;-60;38;2;-65;-61;39;2;-64;-64;
[ TICK 39] 0;3;-99;-97;1;3;-99;-95;2;3;-99;-97;3;3;-97;-94;4;3;-90;-89;5;3;-91;-96;6;3;-96;-93;7;3;-100;-86;8;3;-89;-91;9;3;-95;-85;10;2;-89;-83;11;3;-90;-90;12;2;-88;-86;13;2;-83;-94;14;2;-84;-78;15;2;-86;-87;16;2;-86;-81;17;2;-93;-85;18;2;-82;-75;19;2;-75;-88;20;2;-83;-87;21;2;-78;-81;22;2;-81;-79;23;2;-67;-75;24;2;-78;-73;25;2;-72;-69;26;2;-75;-77;27;2;-78;-71;28;2;-64;-63;29;2;-72;-81;30;2;-62;-72;31;2;-71;-70;32;2;-69;-70;33;2;-61;-61;34;2;-64;-63;35;2;-61;-70;36;2;-64;-62;37;2;-62;-59;38;2;-65;-60;39;2;-65;-64;
[ TICK 40] 0;3;-99;-97;1;3;-99;-95;2;3;-98;-98;3;3;-96;-94;4;3;-91;-90;5;3;-90;-95;6;3;-97;-94;7;3;-99;-85;8;3;-90;-90;9;3;-95;-84;10;2;-90;-84;11;3;-90;-89;12;2;-89;-85;13;2;-84;-94;14;2;-84;-78;15;2;-87;-88;16;2;-86;-82;17;2;-92;-84;18;2;-81;-74;19;2;-74;-87;20;2;-84;-86;21;2;-79;-82;22;2;-82;-79;23;2;-66;-76;24;2;-79;-74;25;2;-71;-69;26;2;-75;-77;27;2;-77;-71;28;2;-63;-63;29;2;-73;-82;30;2;-62;-72;31;2;-72;-71;32;2;-68;-69;33;2;-60;-61;34;2;-65;-64;35;2;-61;-69;36;2;-63;-63;37;2;-63;-58;38;2;-64;-61;39;2;-64;-63;
[ TICK 41] 0;3;-100;-96;1;3;-98;-94;2;3;-97;-98;3;3;-95;-95;4;3;-90;-91;5;3;-91;-96;6;3;-98;-93;7;3;-100;-86;8;3;-90;-90;9;3;-95;-85;10;2;-91;-83;11;3;-91;-88;12;2;-88;-84;13;2;-84;-93;14;2;-83;-77;15;2;-87;-87;16;2;-85;-81;17;2;-91;-83;18;2;-82;-73;19;2;-74;-87;20;2;-83;-86;21;2;-80;-83;22;2;-81;-80;23;2;-65;-77;24;2;-78;-73;25;2;-70;-68;26;2;-75;-76;27;2;-78;-70;28;2;-63;-64;29;2;-73;-82;30;2;-63;-72;31;2;-72;-70;32;2;-69;-70;33;2;-61;-60;34;2;-65;-63;35;2;-62;-68;36;2;-62;-63;37;2;-64;-59;38;2;-64;-62;39;2;-64;-63;
 INVALID: -101,-95
 INVALID: -101,-97
[ TICK 42] 0;3;-99;-97;1;3;-98;-93;2;3;-96;-99;3;3;-95;-94;4;3;-90;-91;5;3;-90;-96;6;3;-97;-94;7;3;-100;-85;8;3;-91;-90;9;3;-94;-84;10;2;-90;-83;11;3;-90;-88;12;2;-87;-84;13;2;-84;-92;14;2;-83;-78;15;2;-87;-88;16;2;-84;-82;17;2;-91;-84;18;2;-83;-73;19;2;-75;-88;20;2;-84;-86;21;2;-79;-84;22;2;-81;-79;23;2;-65;-76;24;2;-79;-74;25;2;-70;-69;26;2;-76;-77;27;2;-78;-71;28;2;-62;-65;29;2;-72;-82;30;2;-62;-72;31;2;-73;-70;32;2;-69;-71;33;2;-60;-60;34;2;-66;-62;35;2;-62;-68;36;2;-61;-64;37;2;-65;-59;38;2;-65;-63;39;2;-65;-64;
 INVALID: -101,-85
 INVALID: -101,-84
 INVALID: -101,-84
 INVALID: -101,-86
[ TICK 43] 0;3;-99;-97;1;3;-98;-93;2;3;-97;-100;3;3;-94;-95;4;3;-91;-92;5;3;-91;-96;6;3;-97;-94;7;3;-100;-84;8;3;-91;-90;9;3;-93;-85;10;2;-90;-83;11;3;-89;-89;12;2;-87;-83;13;2;-83;-91;14;2;-84;-79;15;2;-88;-88;16;2;-85;-83;17;2;-90;-85;18;2;-83;-73;19;2;-74;-89;20;2;-84;-86;21;2;-80;-84;22;2;-80;-78;23;2;-66;-77;24;2;-78;-75;25;2;-70;-68;26;2;-77;-77;27;2;-77;-72;28;2;-62;-66;29;2;-71;-82;30;2;-61;-73;31;2;-73;-69;32;2;-69;-72;33;2;-59;-61;34;2;-67;-63;35;2;-63;-68;36;2;-62;-63;37;2;-66;-59;38;2;-66;-62;39;2;-65;-63;
 INVALID: -97,-101
[ TICK 44] 0;3;-99;-98;1;3;-99;-93;2;3;-96;-100;3;3;-95;-95;4;3;-91;-92;5;3;-92;-96;6;3;-96;-94;7;3;-99;-85;8;3;-90;-89;9;3;-92;-84;10;2;-91;-83;11;3;-88;-90;12;2;-86;-83;13;2;-82;-91;14;2;-85;-78;15;2;-87;-89;16;2;-84;-83;17;2;-89;-84;18;2;-83;-73;19;2;-74;-89;20;2;-84;-85;21;2;-81;-85;22;2;-80;-77;23;2;-66;-76;24;2;-77;-76;25;2;-69;-67;26;2;-78;-77;27;2;-76;-73;28;2;-63;-67;29;2;-71;-81;30;2;-62;-72;31;2;-72;-70;32;2;-70;-71;33;2;-58;-60;34;2;-68;-62;35;2;-62;-69;36;2;-62;-63;37;2;-67;-60;38;2;-66;-63;39;2;-65;-63;
 INVALID: -96,-101
[ TICK 45] 0;3;-99;-99;1;3;-98;-92;2;3;-97;-100;3;3;-96;-94;4;3;-90;-93;5;3;-91;-96;6;3;-96;-95;7;3;-100;-84;8;3;-89;-90;9;3;-91;-83;10;2;-92;-82;11;3;-88;-89;12;2;-85;-82;13;2;-82;-91;14;2;-85;-78;15;2;-86;-89;16;2;-84;-82;17;2;-90;-84;18;2;-82;-72;19;2;-73;-88;20;2;-85;-84;21;2;-82;-85;22;2;-80;-76;23;2;-67;-77;24;2;-76;-75;25;2;-68;-66;26;2;-79;-76;27;2;-75;-74;28;2;-63;-67;29;2;-71;-80;30;2;-62;-73;31;2;-72;-69;32;2;-70;-70;33;2;-57;-59;34;2;-67;-62;35;2;-61;-70;36;2;-63;-64;37;2;-66;-59;38;2;-65;-63;39;2;-65;-62;
 INVALID: -101,-84
[ TICK 46] 0;3;-98;-100;1;3;-98;-93;2;3;-98;-99;3;3;-95;-94;4;3;-90;-94;5;3;-90;-95;6;3;-96;-95;7;3;-99;-85;8;3;-89;-90;9;3;-91;-82;10;2;-92;-81;11;3;-87;-90;12;2;-86;-81;13;2;-82;-90;14;2;-85;-77;15;2;-85;-88;16;2;-83;-81;17;2;-90;-84;18;2;-82;-73;19;2;-74;-89;20;2;-86;-83;21;2;-81;-85;22;2;-79;-75;23;2;-66;-78;24;2;-76;-74;25;2;-69;-65;26;2;-80;-76;27;2;-75;-74;28;2;-62;-68;29;2;-72;-81;30;2;-63;-73;31;2;-72;-70;32;2;-70;-71;33;2;-56;-60;34;2;-68;-62;35;2;-62;-71;36;2;-63;-63;37;2;-65;-60;38;2;-64;-64;39;2;-66;-63;
[ TICK 47] 0;3;-99;-100;1;3;-97;-94;2;3;-98;-100;3;3;-96;-93;4;3;-90;-95;5;3;-91;-95;6;3;-96;-94;7;3;-98;-84;8;3;-89;-91;9;3;-90;-83;10;2;-92;-82;11;3;-86;-90;12;2;-86;-82;13;2;-82;-90;14;2;-85;-77;15;2;-84;-87;16;2;-84;-81;17;2;-90;-85;18;2;-81;-73;19;2;-73;-89;20;2;-87;-82;21;2;-81;-84;22;2;-79;-74;23;2;-66;-77;24;2;-77;-75;25;2;-68;-64;26;2;-81;-77;27;2;-75;-74;28;2;-61;-68;29;2;-72;-81;30;2;-64;-72;31;2;-73;-71;32;2;-70;-70;33;2;-57;-61;34;2;-67;-61;35;2;-61;-72;36;2;-64;-63;37;2;-65;-59;38;2;-65;-64;39;2;-66;-62;
 INVALID: -99,-101
[ TICK 48] 0;3;-100;-100;1;3;-97;-95;2;3;-98;-99;3;3;-95;-92;4;3;-90;-94;5;3;-90;-95;6;3;-97;-95;7;3;-97;-84;8;3;-88;-90;9;3;-89;-82;10;2;-93;-81;11;3;-85;-90;12;2;-86;-82;13;2;-82;-91;14;2;-85;-76;15;2;-85;-88;16;2;-85;-82;17;2;-91;-86;18;2;-82;-73;19;2;-74;-88;20;2;-88;-81;21;2;-82;-85;22;2;-78;-74;23;2;-65;-78;24;2;-78;-76;25;2;-69;-64;26;2;-81;-78;27;2;-74;-73;28;2;-62;-68;29;2;-72;-82;30;2;-64;-73;31;2;-74;-71;32;2;-70;-71;33;2;-57;-62;34;2;-66;-61;35;2;-62;-71;36;2;-64;-64;37;2;-65;-58;38;2;-64;-65;39;2;-66;-63;
[ TICK 49] 0;3;-99;-99;1;3;-97;-94;2;3;-98;-100;3;3;-96;-92;4;3;-89;-94;5;3;-90;-95;6;3;-96;-94;7;3;-97;-83;8;3;-87;-89;9;3;-88;-81;10;2;-93;-81;11;3;-85;-91;12;2;-85;-81;13;2;-81;-91;14;2;-86;-77;15;2;-86;-89;16;2;-86;-83;17;2;-92;-85;18;2;-82;-74;19;2;-73;-88;20;2;-87;-80;21;2;-81;-84;22;2;-78;-75;23;2;-65;-77;24;2;-79;-76;25;2;-68;-65;26;2;-82;-79;27;2;-74;-72;28;2;-62;-67;29;2;-73;-82;30;2;-63;-73;31;2;-74;-70;32;2;-70;-70;33;2;-57;-62;34;2;-66;-61;35;2;-61;-71;36;2;-63;-64;37;2;-66;-58;38;2;-65;-64;39;2;-65;-63;
[ TICK 50] 0;3;-100;-98;1;3;-98;-93;2;3;-98;-99;3;3;-97;-91;4;3;-88;-95;5;3;-89;-94;6;3;-97;-93;7;3;-98;-84;8;3;-86;-90;9;3;-89;-80;10;2;-93;-80;11;3;-85;-92;12;2;-84;-80;13;2;-81;-91;14;2;-85;-77;15;2;-86;-90;16;2;-86;-84;17;2;-93;-84;18;2;-81;-75;19;2;-73;-89;20;2;-88;-79;21;2;-80;-85;22;2;-78;-74;23;2;-65;-77;24;2;-80;-77;25;2;-69;-65;26;2;-83;-79;27;2;-73;-71;28;2;-63;-68;29;2;-74;-83;30;2;-63;-74;31;2;-75;-70;32;2;-69;-69;33;2;-58;-61;34;2;-67;-62;35;2;-60;-72;36;2;-62;-64;37;2;-67;-57;38;2;-65;-63;39;2;-65;-62;
[ TICK 51] 0;3;-100;-99;1;3;-97;-92;2;3;-99;-100;3;3;-96;-91;4;3;-89;-95;5;3;-90;-94;6;3;-96;-92;7;3;-99;-83;8;3;-85;-91;9;3;-90;-81;10;2;-92;-79;11;3;-85;-93;12;2;-83;-81;13;2;-80;-92;14;2;-86;-78;15;2;-86;-89;16;2;-85;-85;17;2;-93;-84;18;2;-82;-74;19;2;-72;-88;20;2;-88;-79;21;2;-81;-85;22;2;-78;-73;23;2;-66;-77;24;2;-79;-76;25;2;-68;-64;26;2;-83;-80;27;2;-72;-71;28;2;-64;-67;29;2;-75;-83;30;2;-64;-73;31;2;-74;-71;32;2;-69;-70;33;2;-58;-62;34;2;-66;-62;35;2;-59;-72;36;2;-62;-65;37;2;-67;-56;38;2;-64;-64;39;2;-66;-61;
 INVALID: -99,-101
 INVALID: -99,-101
[ TICK 52] 0;3;-100;-100;1;3;-97;-91;2;3;-99;-100;3;3;-96;-90;4;3;-90;-95;5;3;-89;-95;6;3;-97;-91;7;3;-99;-84;8;3;-86;-90;9;3;-89;-80;10;2;-92;-79;11;3;-85;-92;12;2;-83;-81;13;2;-81;-91;14;2;-85;-77;15;2;-87;-90;16;2;-86;-84;17;2;-92;-83;18;2;-81;-73;19;2;-72;-87;20;2;-87;-78;21;2;-82;-84;22;2;-77;-72;23;2;-67;-77;24;2;-79;-77;25;2;-69;-65;26;2;-82;-81;27;2;-71;-72;28;2;-65;-66;29;2;-75;-83;30;2;-63;-72;31;2;-75;-70;32;2;-68;-69;33;2;-57;-62;34;2;-65;-63;35;2;-58;-71;36;2;-62;-65;37;2;-67;-55;38;2;-65;-65;39;2;-66;-61;
 INVALID: -98,-101
 INVALID: -100,-101
 INVALID: -101,-99
 INVALID: -101,-101
[ TICK 53] 0;3;-100;-99;1;3;-97;-92;2;3;-99;-99;3;3;-96;-89;4;3;-90;-95;5;3;-90;-96;6;3;-96;-92;7;3;-100;-83;8;3;-86;-91;9;3;-88;-79;10;2;-93;-80;11;3;-85;-93;12;2;-82;-80;13;2;-81;-91;14;2;-84;-78;15;2;-86;-89;16;2;-86;-83;17;2;-92;-83;18;2;-81;-74;19;2;-71;-86;20;2;-88;-79;21;2;-81;-84;22;2;-76;-73;23;2;-68;-77;24;2;-80;-77;25;2;-68;-66;26;2;-81;-80;27;2;-72;-71;28;2;-66;-65;29;2;-75;-83;30;2;-62;-71;31;2;-75;-69;32;2;-68;-69;33;2;-58;-61;34;2;-65;-63;35;2;-57;-70;36;2;-63;-66;37;2;-67;-56;38;2;-64;-66;39;2;-65;-62;
 INVALID: -101,-84
 INVALID: -101,-83
 INVALID: -101,-83
 INVALID: -101,-82
 INVALID: -101,-100
 INVALID: -101,-99
 INVALID: -101,-98
 INVALID: -101,-98
[ TICK 54] 0;3;-100;-99;1;3;-96;-92;2;3;-100;-98;3;3;-97;-89;4;3;-90;-95;5;3;-90;-96;6;3;-96;-91;7;3;-100;-82;8;3;-85;-91;9;3;-88;-79;10;2;-94;-79;11;3;-86;-93;12;2;-82;-80;13;2;-80;-91;14;2;-84;-79;15;2;-86;-88;16;2;-87;-82;17;2;-92;-82;18;2;-82;-75;19;2;-70;-87;20;2;-89;-78;21;2;-82;-83;22;2;-75;-73;23;2;-69;-77;24;2;-80;-77;25;2;-67;-65;26;2;-82;-81;27;2;-73;-70;28;2;-67;-66;29;2;-76;-82;30;2;-61;-71;31;2;-74;-68;32;2;-67;-69;33;2;-58;-60;34;2;-64;-63;35;2;-58;-71;36;2;-62;-66;37;2;-66;-57;38;2;-63;-67;39;2;-65;-62;
 INVALID: -101,-97
 INVALID: -101,-97
 INVALID: -101,-99
[ TICK 55] 0;3;-99;-99;1;3;-95;-92;2;3;-100;-98;3;3;-96;-90;4;3;-91;-96;5;3;-90;-96;6;3;-96;-90;7;3;-100;-82;8;3;-84;-90;9;3;-89;-78;10;2;-94;-80;11;3;-87;-94;12;2;-83;-79;13;2;-80;-90;14;2;-85;-78;15;2;-87;-88;16;2;-87;-82;17;2;-92;-81;18;2;-83;-76;19;2;-69;-86;20;2;-89;-79;21;2;-81;-83;22;2;-74;-72;23;2;-70;-76;24;2;-81;-77;25;2;-67;-65;26;2;-83;-80;27;2;-72;-71;28;2;-66;-65;29;2;-75;-82;30;2;-62;-71;31;2;-74;-67;32;2;-68;-69;33;2;-58;-59;34;2;-64;-64;35;2;-59;-71;36;2;-61;-65;37;2;-65;-57;38;2;-64;-67;39;2;-64;-63;
[ TICK 56] 0;3;-99;-99;1;3;-94;-92;2;3;-99;-97;3;3;-97;-90;4;3;-91;-95;5;3;-90;-97;6;3;-96;-91;7;3;-100;-83;8;3;-84;-89;9;3;-88;-79;10;2;-94;-80;11;3;-87;-93;12;2;-83;-78;13;2;-80;-89;14;2;-86;-77;15;2;-86;-88;16;2;-87;-82;17;2;-91;-80;18;2;-82;-75;19;2;-68;-87;20;2;-90;-80;21;2;-82;-83;22;2;-75;-73;23;2;-71;-77;24;2;-82;-77;25;2;-66;-66;26;2;-82;-80;27;2;-72;-71;28;2;-65;-64;29;2;-75;-83;30;2;-61;-72;31;2;-74;-67;32;2;-68;-68;33;2;-58;-59;34;2;-64;-65;35;2;-59;-70;36;2;-61;-66;37;2;-66;-56;38;2;-64;-66;39;2;-63;-63;
 INVALID: -101,-83
 INVALID: -101,-84
[ TICK 57] 0;3;-100;-100;1;3;-95;-93;2;3;-98;-97;3;3;-97;-91;4;3;-92;-96;5;3;-89;-98;6;3;-96;-90;7;3;-100;-82;8;3;-85;-88;9;3;-88;-78;10;2;-94;-80;11;3;-87;-94;12;2;-83;-79;13;2;-79;-90;14;2;-85;-77;15;2;-87;-88;16;2;-88;-83;17;2;-90;-79;18;2;-81;-76;19;2;-68;-87;20;2;-89;-79;21;2;-82;-84;22;2;-76;-74;23;2;-70;-77;24;2;-81;-77;25;2;-66;-66;26;2;-81;-79;27;2;-73;-72;28;2;-66;-65;29;2;-76;-82;30;2;-61;-72;31;2;-73;-66;32;2;-68;-68;33;2;-59;-58;34;2;-65;-66;35;2;-60;-71;36;2;-62;-66;37;2;-65;-57;38;2;-65;-66;39;2;-62;-63;
 INVALID: -101,-100
[ TICK 58] 0;3;-100;-99;1;3;-94;-93;2;3;-98;-97;3;3;-98;-90;4;3;-91;-95;5;3;-90;-97;6;3;-96;-89;7;3;-99;-81;8;3;-86;-88;9;3;-88;-77;10;2;-95;-81;11;3;-88;-94;12;2;-84;-79;13;2;-80;-90;14;2;-86;-78;15;2;-88;-89;16;2;-87;-83;17;2;-91;-78;18;2;-81;-76;19;2;-69;-86;20;2;-88;-78;21;2;-83;-84;22;2;-77;-75;23;2;-71;-77;24;2;-81;-78;25;2;-66;-67;26;2;-81;-80;27;2;-74;-71;28;2;-66;-65;29;2;-76;-82;30;2;-60;-73;31;2;-72;-65;32;2;-67;-67;33;2;-58;-58;34;2;-64;-67;35;2;-59;-70;36;2;-63;-66;37;2;-65;-58;38;2;-65;-67;39;2;-61;-62;
 INVALID: -101,-100
[ TICK 59] 0;3;-99;-99;1;3;-95;-93;2;3;-97;-97;3;3;-97;-91;4;3;-90;-94;5;3;-91;-97;6;3;-97;-90;7;3;-98;-82;8;3;-85;-87;9;3;-88;-77;10;2;-96;-82;11;3;-88;-94;12;2;-85;-80;13;2;-80;-91;14;2;-85;-78;15;2;-87;-88;16;2;-86;-84;17;2;-90;-79;18;2;-81;-76;19;2;-70;-87;20;2;-89;-77;21;2;-82;-85;22;2;-77;-75;23;2;-71;-76;24;2;-82;-78;25;2;-66;-67;26;2;-82;-79;27;2;-75;-72;28;2;-66;-66;29;2;-75;-82;30;2;-61;-72;31;2;-72;-66;32;2;-68;-68;33;2;-58;-57;34;2;-64;-66;35;2;-58;-71;36;2;-63;-65;37;2;-66;-57;38;2;-66;-67;39;2;-60;-62;
[ TICK 60] 0;3;-98;-100;1;3;-95;-93;2;3;-98;-96;3;3;-98;-90;4;3;-89;-94;5;3;-91;-98;6;3;-96;-90;7;3;-97;-83;8;3;-85;-86;9;3;-89;-76;10;2;-95;-82;11;3;-88;-94;12;2;-84;-81;13;2;-80;-90;14;2;-85;-77;15;2;-88;-87;16;2;-87;-83;17;2;-90;-78;18;2;-80;-75;19;2;-71;-87;20;2;-90;-78;21;2;-81;-85;22;2;-76;-74;23;2;-72;-76;24;2;-81;-77;25;2;-67;-66;26;2;-82;-79;27;2;-74;-72;28;2;-66;-67;29;2;-74;-83;30;2;-62;-71;31;2;-71;-65;32;2;-67;-68;33;2;-57;-57;34;2;-64;-67;35;2;-57;-70;36;2;-64;-66;37;2;-65;-56;38;2;-65;-67;39;2;-59;-61;
 INVALID: -98,-101
[ TICK 61] 0;3;-97;-99;1;3;-96;-92;2;3;-98;-95;3;3;-98;-91;4;3;-88;-94;5;3;-90;-99;6;3;-95;-90;7;3;-98;-83;8;3;-84;-85;9;3;-88;-75;10;2;-94;-83;11;3;-88;-95;12;2;-83;-82;13;2;-80;-90;14;2;-84;-77;15;2;-89;-87;16;2;-86;-84;17;2;-90;-78;18;2;-81;-75;19;2;-72;-87;20;2;-90;-77;21;2;-81;-85;22;2;-76;-74;23;2;-73;-76;24;2;-82;-78;25;2;-66;-65;26;2;-83;-79;27;2;-75;-71;28;2;-66;-66;29;2;-75;-83;30;2;-61;-72;31;2;-71;-64;32;2;-67;-69;33;2;-58;-57;34;2;-63;-67;35;2;-56;-69;36;2;-65;-66;37;2;-64;-56;38;2;-64;-66;39;2;-60;-60;
[ TICK 62] 0;3;-98;-98;1;3;-96;-91;2;3;-97;-96;3;3;-99;-92;4;3;-89;-95;5;3;-90;-100;6;3;-95;-91;7;3;-99;-84;8;3;-83;-84;9;3;-87;-76;10;2;-93;-82;11;3;-89;-94;12;2;-82;-83;13;2;-81;-91;14;2;-83;-76;15;2;-88;-88;16;2;-86;-85;17;2;-90;-78;18;2;-81;-74;19;2;-73;-87;20;2;-90;-77;21;2;-80;-84;22;2;-75;-75;23;2;-72;-75;24;2;-83;-79;25;2;-65;-64;26;2;-84;-80;27;2;-76;-72;28;2;-66;-66;29;2;-76;-83;30;2;-61;-73;31;2;-70;-63;32;2;-67;-69;33;2;-58;-56;34;2;-64;-66;35;2;-55;-69;36;2;-66;-67;37;2;-64;-56;38;2;-64;-67;39;2;-60;-61;
[ TICK 63] 0;3;-98;-98;1;3;-97;-90;2;3;-97;-97;3;3;-98;-93;4;3;-89;-95;5;3;-90;-100;6;3;-96;-90;7;3;-100;-83;8;3;-84;-85;9;3;-88;-77;10;2;-94;-83;11;3;-89;-94;12;2;-81;-84;13;2;-81;-90;14;2;-84;-76;15;2;-88;-89;16;2;-85;-85;17;2;-89;-77;18;2;-80;-73;19;2;-74;-88;20;2;-90;-78;21;2;-80;-83;22;2;-76;-74;23;2;-73;-75;24;2;-82;-78;25;2;-65;-63;26;2;-84;-80;27;2;-77;-71;28;2;-67;-67;29;2;-77;-83;30;2;-61;-74;31;2;-70;-63;32;2;-66;-70;33;2;-59;-56;34;2;-64;-65;35;2;-54;-69;36;2;-66;-68;37;2;-64;-55;38;2;-63;-68;39;2;-60;-60;
FUI CONTAGIADO, ID AgentId(17, 0, 0, 0)
FUI CONTAGIADO, ID AgentId(16, 0, 0, 0)
 INVALID: -101,-84
 INVALID: -101,-82
 INVALID: -101,-83
[ TICK 64] 0;3;-97;-97;1;3;-97;-89;2;3;-96;-96;3;3;-99;-92;4;3;-88;-96;5;3;-91;-99;6;3;-96;-89;7;3;-100;-82;8;3;-84;-84;9;3;-89;-78;10;2;-94;-84;11;3;-90;-94;12;2;-82;-83;13;2;-81;-89;14;2;-83;-77;15;2;-88;-90;16;3;-85;-85;17;3;-90;-76;18;2;-79;-72;19;2;-74;-89;20;2;-90;-78;21;2;-79;-83;22;2;-77;-73;23;2;-74;-76;24;2;-83;-78;25;2;-66;-62;26;2;-85;-79;27;2;-77;-70;28;2;-66;-68;29;2;-78;-83;30;2;-62;-74;31;2;-69;-64;32;2;-66;-71;33;2;-60;-55;34;2;-63;-66;35;2;-53;-69;36;2;-65;-67;37;2;-63;-55;38;2;-64;-69;39;2;-61;-59;
[ TICK 65] 0;3;-96;-96;1;3;-97;-90;2;3;-97;-97;3;3;-100;-92;4;3;-89;-96;5;3;-91;-99;6;3;-95;-88;7;3;-100;-82;8;3;-83;-84;9;3;-88;-77;10;2;-93;-83;11;3;-90;-95;12;2;-82;-83;13;2;-80;-90;14;2;-82;-77;15;2;-87;-91;16;3;-85;-86;17;3;-90;-77;18;2;-79;-73;19;2;-75;-90;20;2;-90;-77;21;2;-78;-84;22;2;-78;-72;23;2;-75;-75;24;2;-82;-79;25;2;-66;-62;26;2;-86;-79;27;2;-76;-71;28;2;-65;-68;29;2;-77;-84;30;2;-61;-73;31;2;-68;-65;32;2;-66;-72;33;2;-60;-55;34;2;-64;-67;35;2;-54;-69;36;2;-64;-68;37;2;-62;-54;38;2;-64;-68;39;2;-60;-59;
 INVALID: -101,-83
 INVALID: -101,-81
[ TICK 66] 0;3;-96;-97;1;3;-98;-91;2;3;-98;-96;3;3;-99;-91;4;3;-90;-96;5;3;-92;-100;6;3;-96;-88;7;3;-100;-82;8;3;-83;-85;9;3;-89;-77;10;2;-92;-82;11;3;-91;-96;12;2;-81;-82;13;2;-81;-90;14;2;-82;-76;15;2;-88;-92;16;3;-85;-85;17;3;-91;-76;18;2;-78;-72;19;2;-76;-91;20;2;-91;-78;21;2;-77;-84;22;2;-77;-71;23;2;-76;-74;24;2;-83;-78;25;2;-65;-63;26;2;-86;-78;27;2;-75;-70;28;2;-64;-67;29;2;-78;-85;30;2;-60;-74;31;2;-68;-65;32;2;-65;-71;33;2;-61;-54;34;2;-65;-67;35;2;-53;-68;36;2;-63;-69;37;2;-62;-55;38;2;-64;-69;39;2;-60;-59;
 INVALID: -92,-101
 INVALID: -93,-101
[ TICK 67] 0;3;-97;-98;1;3;-97;-91;2;3;-98;-96;3;3;-99;-90;4;3;-89;-95;5;3;-92;-99;6;3;-95;-89;7;3;-99;-83;8;3;-84;-85;9;3;-90;-76;10;2;-91;-83;11;3;-90;-96;12;2;-80;-83;13;2;-82;-89;14;2;-82;-76;15;2;-88;-92;16;3;-86;-86;17;3;-92;-75;18;2;-78;-72;19;2;-75;-92;20;2;-90;-77;21;2;-78;-84;22;2;-77;-71;23;2;-77;-74;24;2;-83;-77;25;2;-64;-62;26;2;-87;-79;27;2;-74;-71;28;2;-65;-66;29;2;-78;-85;30;2;-61;-75;31;2;-69;-66;32;2;-64;-72;33;2;-60;-54;34;2;-64;-66;35;2;-52;-69;36;2;-64;-70;37;2;-62;-55;38;2;-63;-70;39;2;-61;-60;
[ TICK 68] 0;3;-98;-97;1;3;-98;-91;2;3;-98;-95;3;3;-98;-91;4;3;-89;-96;5;3;-92;-98;6;3;-96;-88;7;3;-99;-83;8;3;-84;-85;9;3;-89;-76;10;2;-91;-83;11;3;-91;-95;12;2;-81;-82;13;2;-82;-90;14;2;-83;-76;15;2;-88;-93;16;3;-86;-86;17;3;-93;-75;18;2;-79;-72;19;2;-75;-93;20;2;-91;-78;21;2;-79;-84;22;2;-76;-72;23;2;-77;-75;24;2;-84;-78;25;2;-63;-63;26;2;-87;-80;27;2;-73;-72;28;2;-66;-65;29;2;-79;-84;30;2;-61;-75;31;2;-70;-67;32;2;-64;-73;33;2;-59;-55;34;2;-64;-65;35;2;-53;-68;36;2;-65;-70;37;2;-61;-54;38;2;-64;-70;39;2;-60;-60;
[ TICK 69] 0;3;-99;-98;1;3;-97;-91;2;3;-97;-95;3;3;-97;-92;4;3;-88;-95;5;3;-93;-99;6;3;-95;-87;7;3;-100;-84;8;3;-84;-86;9;3;-90;-75;10;2;-92;-82;11;3;-92;-96;12;2;-80;-82;13;2;-82;-90;14;2;-83;-76;15;2;-89;-93;16;3;-86;-86;17;3;-93;-76;18;2;-78;-72;19;2;-76;-92;20;2;-91;-78;21;2;-78;-83;22;2;-76;-73;23;2;-76;-76;24;2;-84;-79;25;2;-62;-62;26;2;-88;-79;27;2;-73;-73;28;2;-65;-64;29;2;-80;-85;30;2;-61;-75;31;2;-71;-68;32;2;-65;-74;33;2;-60;-56;34;2;-63;-65;35;2;-52;-68;36;2;-66;-70;37;2;-62;-53;38;2;-64;-69;39;2;-59;-59;
 INVALID: -101,-83
[ TICK 70] 0;3;-99;-99;1;3;-96;-92;2;3;-97;-96;3;3;-96;-92;4;3;-88;-96;5;3;-93;-99;6;3;-96;-86;7;3;-99;-83;8;3;-85;-86;9;3;-91;-74;10;2;-91;-81;11;3;-93;-96;12;2;-81;-83;13;2;-81;-91;14;2;-83;-75;15;2;-90;-94;16;3;-85;-85;17;3;-94;-76;18;2;-77;-71;19;2;-75;-92;20;2;-92;-79;21;2;-78;-84;22;2;-75;-72;23;2;-77;-76;24;2;-85;-78;25;2;-62;-61;26;2;-87;-79;27;2;-72;-73;28;2;-65;-64;29;2;-80;-86;30;2;-60;-75;31;2;-72;-69;32;2;-66;-73;33;2;-60;-56;34;2;-64;-66;35;2;-52;-69;36;2;-67;-71;37;2;-63;-54;38;2;-63;-68;39;2;-58;-58;
[ TICK 71] 0;3;-100;-98;1;3;-97;-91;2;3;-98;-97;3;3;-95;-92;4;3;-88;-95;5;3;-94;-98;6;3;-95;-87;7;3;-99;-83;8;3;-86;-87;9;3;-91;-73;10;2;-91;-81;11;3;-92;-95;12;2;-80;-84;13;2;-81;-90;14;2;-84;-75;15;2;-89;-93;16;3;-84;-85;17;3;-95;-76;18;2;-76;-70;19;2;-76;-91;20;2;-92;-80;21;2;-78;-85;22;2;-75;-73;23;2;-78;-77;24;2;-85;-78;25;2;-61;-62;26;2;-86;-79;27;2;-73;-74;28;2;-66;-65;29;2;-81;-86;30;2;-60;-74;31;2;-73;-69;32;2;-67;-74;33;2;-59;-56;34;2;-65;-66;35;2;-51;-70;36;2;-67;-71;37;2;-63;-55;38;2;-64;-69;39;2;-59;-58;
 INVALID: -101,-99
 INVALID: -101,-99
[ TICK 72] 0;3;-100;-99;1;3;-98;-92;2;3;-99;-97;3;3;-96;-92;4;3;-87;-95;5;3;-94;-97;6;3;-96;-86;7;3;-98;-82;8;3;-86;-88;9;3;-90;-73;10;2;-90;-82;11;3;-93;-96;12;2;-79;-84;13;2;-82;-91;14;2;-83;-75;15;2;-90;-93;16;3;-85;-85;17;3;-95;-77;18;2;-76;-70;19;2;-77;-90;20;2;-93;-79;21;2;-79;-86;22;2;-76;-73;23;2;-78;-78;24;2;-86;-78;25;2;-60;-62;26;2;-86;-79;27;2;-73;-74;28;2;-65;-66;29;2;-80;-87;30;2;-59;-73;31;2;-73;-70;32;2;-66;-74;33;2;-60;-55;34;2;-64;-65;35;2;-52;-70;36;2;-66;-71;37;2;-64;-55;38;2;-64;-69;39;2;-60;-57;
[ TICK 73] 0;3;-99;-98;1;3;-99;-93;2;3;-100;-97;3;3;-95;-92;4;3;-88;-95;5;3;-95;-98;6;3;-96;-86;7;3;-99;-83;8;3;-86;-89;9;3;-90;-72;10;2;-89;-83;11;3;-93;-97;12;2;-78;-85;13;2;-81;-91;14;2;-82;-74;15;2;-91;-92;16;3;-84;-85;17;3;-96;-76;18;2;-75;-69;19;2;-78;-90;20;2;-93;-79;21;2;-80;-87;22;2;-77;-73;23;2;-77;-79;24;2;-86;-79;25;2;-60;-62;26;2;-85;-80;27;2;-73;-73;28;2;-65;-66;29;2;-80;-87;30;2;-58;-72;31;2;-73;-70;32;2;-67;-73;33;2;-60;-55;34;2;-63;-64;35;2;-52;-71;36;2;-67;-72;37;2;-65;-55;38;2;-63;-69;39;2;-59;-56;
[ TICK 74] 0;3;-100;-98;1;3;-98;-93;2;3;-100;-96;3;3;-94;-91;4;3;-89;-96;5;3;-94;-99;6;3;-97;-87;7;3;-99;-84;8;3;-86;-90;9;3;-90;-73;10;2;-88;-84;11;3;-94;-96;12;2;-77;-85;13;2;-82;-90;14;2;-83;-73;15;2;-92;-93;16;3;-84;-85;17;3;-97;-76;18;2;-76;-69;19;2;-79;-89;20;2;-92;-79;21;2;-81;-87;22;2;-78;-73;23;2;-76;-78;24;2;-87;-78;25;2;-61;-62;26;2;-86;-79;27;2;-72;-73;28;2;-66;-65;29;2;-81;-88;30;2;-59;-73;31;2;-73;-70;32;2;-68;-73;33;2;-60;-54;34;2;-63;-64;35;2;-52;-71;36;2;-66;-72;37;2;-65;-55;38;2;-62;-68;39;2;-59;-55;
 INVALID: -101,-96
 INVALID: -101,-99
 INVALID: -101,-99
 INVALID: -101,-98
[ TICK 75] 0;3;-100;-99;1;3;-97;-93;2;3;-99;-95;3;3;-93;-90;4;3;-89;-96;5;3;-94;-98;6;3;-96;-88;7;3;-98;-84;8;3;-87;-91;9;3;-90;-72;10;2;-88;-84;11;3;-94;-95;12;2;-78;-84;13;2;-81;-91;14;2;-82;-74;15;2;-92;-93;16;3;-83;-86;17;3;-97;-75;18;2;-75;-68;19;2;-79;-90;20;2;-93;-80;21;2;-81;-88;22;2;-79;-72;23;2;-76;-78;24;2;-86;-78;25;2;-61;-63;26;2;-85;-78;27;2;-73;-73;28;2;-65;-64;29;2;-82;-89;30;2;-60;-73;31;2;-72;-70;32;2;-68;-74;33;2;-61;-55;34;2;-62;-64;35;2;-51;-71;36;2;-65;-71;37;2;-64;-54;38;2;-61;-69;39;2;-58;-55;
[ TICK 76] 0;3;-100;-100;1;3;-96;-93;2;3;-99;-95;3;3;-94;-89;4;3;-89;-96;5;3;-93;-98;6;3;-96;-87;7;3;-98;-84;8;3;-87;-92;9;3;-90;-73;10;2;-87;-85;11;3;-95;-94;12;2;-79;-85;13;2;-82;-90;14;2;-83;-73;15;2;-92;-94;16;3;-83;-85;17;3;-98;-76;18;2;-75;-69;19;2;-80;-91;20;2;-93;-79;21;2;-80;-88;22;2;-79;-71;23;2;-77;-78;24;2;-86;-77;25;2;-62;-63;26;2;-84;-79;27;2;-72;-74;28;2;-64;-63;29;2;-83;-90;30;2;-60;-72;31;2;-71;-70;32;2;-68;-74;33;2;-61;-55;34;2;-61;-64;35;2;-51;-71;36;2;-65;-70;37;2;-63;-54;38;2;-60;-69;39;2;-58;-56;
 INVALID: -101,-101
 INVALID: -101,-101
 INVALID: -101,-101
[ TICK 77] 0;3;-100;-100;1;3;-97;-94;2;3;-98;-94;3;3;-95;-90;4;3;-89;-96;5;3;-92;-99;6;3;-97;-86;7;3;-98;-83;8;3;-86;-92;9;3;-90;-72;10;2;-87;-85;11;3;-94;-94;12;2;-80;-84;13;2;-82;-89;14;2;-82;-72;15;2;-92;-94;16;3;-84;-86;17;3;-99;-76;18;2;-75;-70;19;2;-80;-92;20;2;-94;-80;21;2;-79;-87;22;2;-78;-72;23;2;-76;-77;24;2;-86;-76;25;2;-63;-62;26;2;-83;-78;27;2;-73;-73;28;2;-64;-62;29;2;-84;-90;30;2;-61;-71;31;2;-70;-69;32;2;-67;-73;33;2;-60;-56;34;2;-62;-65;35;2;-52;-71;36;2;-65;-69;37;2;-64;-54;38;2;-59;-68;39;2;-59;-57;
 INVALID: -100,-101
 INVALID: -101,-100
[ TICK 78] 0;3;-100;-99;1;3;-98;-94;2;3;-99;-95;3;3;-95;-89;4;3;-89;-97;5;3;-91;-98;6;3;-96;-87;7;3;-98;-82;8;3;-85;-91;9;3;-89;-71;10;2;-87;-84;11;3;-95;-94;12;2;-79;-85;13;2;-83;-88;14;2;-82;-71;15;2;-93;-94;16;3;-83;-87;17;3;-100;-76;18;2;-74;-70;19;2;-80;-93;20;2;-94;-79;21;2;-79;-88;22;2;-77;-72;23;2;-75;-77;24;2;-86;-75;25;2;-64;-63;26;2;-84;-79;27;2;-74;-72;28;2;-64;-61;29;2;-85;-90;30;2;-60;-72;31;2;-69;-68;32;2;-68;-74;33;2;-59;-55;34;2;-61;-65;35;2;-52;-72;36;2;-64;-70;37;2;-63;-53;38;2;-58;-68;39;2;-60;-57;
FUI CONTAGIADO, ID AgentId(29, 0, 0, 0)
[ TICK 79] 0;3;-100;-99;1;3;-97;-95;2;3;-98;-95;3;3;-96;-89;4;3;-90;-98;5;3;-90;-97;6;3;-96;-87;7;3;-97;-83;8;3;-84;-91;9;3;-90;-70;10;2;-88;-84;11;3;-94;-93;12;2;-78;-84;13;2;-84;-88;14;2;-81;-70;15;2;-92;-93;16;3;-84;-88;17;3;-100;-77;18;2;-75;-70;19;2;-80;-92;20;2;-93;-78;21;2;-80;-89;22;2;-77;-73;23;2;-76;-77;24;2;-85;-74;25;2;-65;-64;26;2;-85;-78;27;2;-74;-73;28;2;-65;-60;29;3;-86;-89;30;2;-59;-72;31;2;-68;-68;32;2;-69;-75;33;2;-59;-54;34;2;-62;-66;35;2;-51;-72;36;2;-65;-71;37;2;-62;-52;38;2;-58;-67;39;2;-59;-56;
 INVALID: -101,-78
 INVALID: -101,-78
[ TICK 80] 0;3;-100;-100;1;3;-98;-95;2;3;-98;-96;3;3;-96;-89;4;3;-90;-97;5;3;-90;-96;6;3;-95;-88;7;3;-96;-83;8;3;-85;-92;9;3;-89;-71;10;2;-87;-85;11;3;-95;-92;12;2;-78;-85;13;2;-84;-87;14;2;-82;-70;15;2;-91;-93;16;3;-83;-88;17;3;-100;-76;18;2;-74;-71;19;2;-81;-92;20;2;-92;-78;21;2;-81;-90;22;2;-76;-73;23;2;-76;-76;24;2;-85;-74;25;2;-64;-64;26;2;-84;-79;27;2;-75;-73;28;2;-66;-61;29;3;-85;-89;30;2;-60;-71;31;2;-69;-69;32;2;-68;-74;33;2;-59;-53;34;2;-63;-66;35;2;-52;-72;36;2;-64;-71;37;2;-61;-53;38;2;-57;-68;39;2;-60;-57;
 INVALID: -101,-100
 INVALID: -101,-99
 INVALID: -101,-100
 INVALID: -101,-100
[ TICK 81] 0;3;-100;-100;1;3;-98;-94;2;3;-97;-96;3;3;-95;-88;4;3;-90;-97;5;3;-90;-96;6;3;-94;-88;7;3;-97;-83;8;3;-85;-93;9;3;-89;-71;10;2;-87;-85;11;3;-94;-92;12;2;-77;-85;13;2;-84;-88;14;2;-81;-70;15;2;-92;-94;16;3;-82;-87;17;3;-99;-75;18;2;-73;-71;19;2;-80;-92;20;2;-93;-78;21;2;-80;-91;22;2;-76;-73;23;2;-77;-75;24;2;-84;-75;25;2;-65;-64;26;2;-85;-78;27;2;-75;-72;28;2;-66;-61;29;3;-85;-89;30;2;-60;-70;31;2;-70;-69;32;2;-67;-75;33;2;-59;-53;34;2;-62;-67;35;2;-51;-71;36;2;-65;-70;37;2;-60;-54;38;2;-56;-69;39;2;-61;-57;
 INVALID: -101,-101
 INVALID: -99,-101
 INVALID: -101,-99
 INVALID: -101,-101
 INVALID: -99,-101
 INVALID: -101,-99
[ TICK 82] 0;3;-99;-99;1;3;-98;-95;2;3;-97;-97;3;3;-94;-87;4;3;-91;-96;5;3;-90;-96;6;3;-95;-88;7;3;-97;-82;8;3;-86;-92;9;3;-90;-70;10;2;-86;-86;11;3;-95;-91;12;2;-78;-86;13;2;-83;-87;14;2;-80;-69;15;2;-92;-95;16;3;-82;-87;17;3;-100;-76;18;2;-73;-72;19;2;-80;-93;20;2;-94;-77;21;2;-79;-92;22;2;-76;-73;23;2;-78;-76;24;2;-84;-75;25;2;-64;-64;26;2;-84;-78;27;2;-76;-73;28;2;-67;-61;29;3;-84;-89;30;2;-59;-69;31;2;-70;-68;32;2;-66;-75;33;2;-58;-52;34;2;-61;-67;35;2;-50;-71;36;2;-66;-70;37;2;-59;-53;38;2;-56;-69;39;2;-61;-57;
[ TICK 83] 0;3;-98;-99;1;3;-98;-95;2;3;-96;-97;3;3;-93;-88;4;3;-92;-96;5;3;-89;-95;6;3;-95;-89;7;3;-98;-82;8;3;-87;-91;9;3;-89;-71;10;2;-87;-86;11;3;-96;-90;12;2;-78;-85;13;2;-84;-87;14;2;-80;-68;15;2;-91;-95;16;3;-83;-87;17;3;-100;-76;18;2;-73;-72;19;2;-81;-92;20;2;-94;-78;21;2;-78;-91;22;2;-75;-72;23;2;-78;-77;24;2;-84;-75;25;2;-64;-63;26;2;-83;-78;27;2;-77;-74;28;2;-68;-62;29;3;-83;-88;30;2;-60;-70;31;2;-70;-67;32;2;-65;-76;33;2;-57;-53;34;2;-60;-67;35;2;-49;-72;36;2;-67;-71;37;2;-59;-53;38;2;-57;-70;39;2;-60;-58;
 INVALID: -101,-77
 INVALID: -101,-77
[ TICK 84] 0;3;-97;-99;1;3;-97;-95;2;3;-95;-97;3;3;-93;-87;4;3;-93;-96;5;3;-89;-94;6;3;-95;-88;7;3;-97;-81;8;3;-86;-91;9;3;-90;-70;10;2;-87;-86;11;3;-95;-89;12;2;-79;-86;13;2;-84;-88;14;2;-80;-68;15;2;-90;-94;16;3;-84;-86;17;3;-100;-77;18;2;-72;-71;19;2;-80;-91;20;2;-95;-78;21;2;-78;-92;22;2;-76;-73;23;2;-78;-76;24;2;-85;-75;25;2;-64;-62;26;2;-83;-79;27;2;-78;-73;28;2;-67;-63;29;3;-82;-88;30;2;-59;-70;31;2;-69;-67;32;2;-64;-76;33;2;-56;-52;34;2;-60;-66;35;2;-49;-72;36;2;-66;-72;37;2;-59;-53;38;2;-58;-71;39;2;-60;-57;
[ TICK 85] 0;3;-97;-99;1;3;-98;-94;2;3;-96;-98;3;3;-94;-86;4;3;-92;-95;5;3;-89;-93;6;3;-94;-87;7;3;-97;-80;8;3;-87;-91;9;3;-90;-69;10;2;-86;-85;11;3;-95;-88;12;2;-78;-85;13;2;-84;-87;14;2;-81;-67;15;2;-91;-94;16;3;-85;-87;17;3;-99;-78;18;2;-71;-70;19;2;-81;-92;20;2;-94;-79;21;2;-79;-92;22;2;-77;-74;23;2;-79;-76;24;2;-86;-74;25;2;-65;-62;26;2;-84;-80;27;2;-78;-73;28;2;-68;-62;29;3;-83;-89;30;2;-58;-71;31;2;-69;-68;32;2;-64;-75;33;2;-55;-53;34;2;-60;-66;35;2;-49;-73;36;2;-66;-71;37;2;-60;-52;38;2;-59;-71;39;2;-61;-57;
[ TICK 86] 0;3;-96;-99;1;3;-99;-93;2;3;-97;-99;3;3;-95;-85;4;3;-92;-96;5;3;-88;-93;6;3;-93;-87;7;3;-98;-80;8;3;-88;-92;9;3;-90;-70;10;2;-87;-84;11;3;-94;-87;12;2;-78;-85;13;2;-83;-86;14;2;-80;-66;15;2;-91;-95;16;3;-85;-87;17;3;-99;-79;18;2;-70;-70;19;2;-80;-92;20;2;-93;-78;21;2;-79;-91;22;2;-76;-73;23;2;-78;-75;24;2;-85;-75;25;2;-64;-62;26;2;-85;-81;27;2;-77;-72;28;2;-69;-61;29;3;-83;-89;30;2;-57;-72;31;2;-70;-68;32;2;-64;-75;33;2;-54;-53;34;2;-61;-65;35;2;-49;-72;36;2;-66;-70;37;2;-61;-53;38;2;-58;-71;39;2;-61;-57;
[ TICK 87] 0;3;-96;-100;1;3;-98;-93;2;3;-96;-100;3;3;-96;-86;4;3;-93;-96;5;3;-89;-93;6;3;-94;-88;7;3;-97;-79;8;3;-87;-91;9;3;-89;-69;10;2;-86;-84;11;3;-95;-87;12;2;-79;-85;13;2;-82;-87;14;2;-79;-67;15;2;-92;-94;16;3;-86;-88;17;3;-99;-78;18;2;-71;-70;19;2;-80;-92;20;2;-92;-78;21;2;-78;-90;22;2;-75;-73;23;2;-79;-76;24;2;-84;-76;25;2;-65;-62;26;2;-86;-82;27;2;-77;-73;28;2;-69;-60;29;3;-83;-89;30;2;-58;-73;31;2;-71;-69;32;2;-64;-76;33;2;-53;-52;34;2;-60;-64;35;2;-49;-71;36;2;-66;-69;37;2;-62;-52;38;2;-58;-72;39;2;-61;-56;
[ TICK 88] 0;3;-96;-100;1;3;-97;-94;2;3;-97;-99;3;3;-97;-85;4;3;-92;-95;5;3;-90;-94;6;3;-93;-87;7;3;-96;-78;8;3;-86;-90;9;3;-90;-69;10;2;-85;-84;11;3;-96;-86;12;2;-78;-84;13;2;-82;-88;14;2;-80;-67;15;2;-91;-94;16;3;-86;-87;17;3;-99;-79;18;2;-70;-69;19;2;-81;-91;20;2;-91;-79;21;2;-78;-90;22;2;-74;-73;23;2;-78;-75;24;2;-84;-75;25;2;-65;-63;26;2;-85;-81;27;2;-78;-72;28;2;-69;-59;29;3;-83;-89;30;2;-58;-72;31;2;-72;-68;32;2;-65;-75;33;2;-54;-51;34;2;-60;-64;35;2;-49;-71;36;2;-67;-68;37;2;-63;-52;38;2;-59;-72;39;2;-61;-55;
[ TICK 89] 0;3;-95;-100;1;3;-96;-95;2;3;-96;-99;3;3;-96;-84;4;3;-91;-96;5;3;-90;-93;6;3;-93;-87;7;3;-96;-77;8;3;-86;-90;9;3;-90;-68;10;2;-85;-85;11;3;-96;-85;12;2;-79;-85;13;2;-82;-87;14;2;-80;-68;15;2;-92;-94;16;3;-85;-87;17;3;-100;-80;18;2;-71;-68;19;2;-81;-90;20;2;-91;-80;21;2;-78;-91;22;2;-75;-73;23;2;-77;-76;24;2;-84;-75;25;2;-65;-64;26;2;-85;-81;27;2;-78;-72;28;2;-68;-58;29;3;-83;-89;30;2;-59;-73;31;2;-72;-69;32;2;-64;-74;33;2;-53;-50;34;2;-60;-64;35;2;-48;-70;36;2;-68;-69;37;2;-63;-53;38;2;-59;-72;39;2;-60;-55;
[ TICK 90] 0;3;-95;-99;1;3;-97;-94;2;3;-96;-99;3;3;-95;-84;4;3;-90;-97;5;3;-89;-94;6;3;-93;-88;7;3;-96;-77;8;3;-87;-89;9;3;-91;-69;10;2;-86;-85;11;3;-95;-84;12;2;-79;-86;13;2;-81;-88;14;2;-81;-67;15;2;-92;-94;16;3;-84;-86;17;3;-99;-79;18;2;-70;-68;19;2;-81;-89;20;2;-90;-80;21;2;-79;-90;22;2;-75;-72;23;2;-78;-76;24;2;-85;-74;25;2;-65;-64;26;2;-85;-80;27;2;-77;-72;28;2;-67;-58;29;3;-84;-88;30;2;-58;-72;31;2;-71;-70;32;2;-63;-75;33;2;-52;-49;34;2;-59;-63;35;2;-48;-70;36;2;-69;-70;37;2;-62;-52;38;2;-59;-72;39;2;-59;-55;
[ TICK 91] 0;3;-96;-99;1;3;-98;-93;2;3;-95;-98;3;3;-95;-84;4;3;-91;-98;5;3;-88;-95;6;3;-93;-89;7;3;-95;-78;8;3;-86;-90;9;3;-92;-69;10;2;-87;-85;11;3;-95;-85;12;2;-78;-85;13;2;-82;-89;14;2;-82;-68;15;2;-91;-95;16;3;-84;-86;17;3;-100;-79;18;2;-69;-67;19;2;-82;-88;20;2;-91;-80;21;2;-79;-91;22;2;-76;-72;23;2;-77;-77;24;2;-85;-73;25;2;-65;-65;26;2;-85;-80;27;2;-76;-73;28;2;-68;-58;29;3;-84;-87;30;2;-59;-73;31;2;-70;-71;32;2;-64;-74;33;2;-53;-48;34;2;-60;-63;35;2;-49;-70;36;2;-69;-70;37;2;-63;-51;38;2;-58;-72;39;2;-59;-54;
[ TICK 92] 0;3;-96;-99;1;3;-99;-93;2;3;-95;-97;3;3;-94;-85;4;3;-90;-99;5;3;-88;-96;6;3;-92;-90;7;3;-94;-78;8;3;-85;-89;9;3;-93;-68;10;2;-88;-86;11;3;-96;-85;12;2;-79;-85;13;2;-82;-88;14;2;-82;-68;15;2;-90;-94;16;3;-83;-85;17;3;-100;-79;18;2;-69;-66;19;2;-83;-89;20;2;-90;-81;21;2;-79;-92;22;2;-77;-71;23;2;-77;-77;24;2;-84;-73;25;2;-66;-66;26;2;-86;-79;27;2;-75;-74;28;2;-68;-58;29;3;-83;-87;30;2;-59;-74;31;2;-71;-71;32;2;-65;-75;33;2;-52;-48;34;2;-60;-63;35;2;-48;-69;36;2;-69;-69;37;2;-62;-51;38;2;-59;-71;39;2;-60;-55;
[ TICK 93] 0;3;-96;-100;1;3;-100;-92;2;3;-94;-96;3;3;-93;-84;4;3;-91;-100;5;3;-87;-96;6;3;-93;-91;7;3;-95;-79;8;3;-85;-89;9;3;-93;-67;10;2;-89;-86;11;3;-97;-85;12;2;-79;-86;13;2;-82;-88;14;2;-81;-69;15;2;-90;-94;16;3;-84;-85;17;3;-100;-80;18;2;-69;-66;19;2;-84;-89;20;2;-90;-82;21;2;-80;-92;22;2;-78;-71;23;2;-77;-78;24;2;-84;-74;25;2;-65;-66;26;2;-86;-80;27;2;-75;-75;28;2;-69;-58;29;3;-82;-88;30;2;-60;-74;31;2;-71;-72;32;2;-65;-76;33;2;-52;-47;34;2;-59;-64;35;2;-48;-68;36;2;-68;-70;37;2;-61;-51;38;2;-58;-72;39;2;-59;-54;
 INVALID: -101,-81
 INVALID: -101,-81
 INVALID: -90,-101
 INVALID: -92,-101
 INVALID: -91,-101
[ TICK 94] 0;3;-95;-99;1;3;-99;-92;2;3;-94;-95;3;3;-92;-84;4;3;-90;-100;5;3;-87;-95;6;3;-94;-92;7;3;-96;-79;8;3;-85;-88;9;3;-94;-66;10;2;-89;-85;11;3;-96;-86;12;2;-78;-87;13;2;-83;-89;14;2;-81;-68;15;2;-89;-93;16;3;-83;-85;17;3;-100;-80;18;2;-68;-66;19;2;-83;-88;20;2;-90;-81;21;2;-80;-91;22;2;-77;-71;23;2;-77;-79;24;2;-85;-75;25;2;-66;-67;26;2;-86;-81;27;2;-74;-76;28;2;-68;-58;29;3;-82;-87;30;2;-59;-75;31;2;-70;-72;32;2;-65;-77;33;2;-53;-46;34;2;-60;-63;35;2;-48;-67;36;2;-67;-70;37;2;-60;-50;38;2;-57;-73;39;2;-59;-54;
 INVALID: -90,-101
 INVALID: -91,-101
[ TICK 95] 0;3;-94;-100;1;3;-99;-92;2;3;-93;-95;3;3;-93;-83;4;3;-91;-99;5;3;-86;-95;6;3;-93;-93;7;3;-97;-78;8;3;-86;-89;9;3;-93;-67;10;2;-89;-86;11;3;-95;-85;12;2;-77;-86;13;2;-84;-90;14;2;-81;-67;15;2;-90;-92;16;3;-82;-84;17;3;-99;-81;18;2;-69;-65;19;2;-82;-89;20;2;-91;-80;21;2;-81;-90;22;2;-78;-72;23;2;-78;-79;24;2;-84;-74;25;2;-66;-67;26;2;-87;-82;27;2;-74;-75;28;2;-69;-57;29;3;-83;-86;30;2;-59;-76;31;2;-69;-72;32;2;-65;-78;33;2;-54;-46;34;2;-60;-62;35;2;-49;-67;36;2;-67;-69;37;2;-61;-49;38;2;-57;-73;39;2;-58;-55;
 INVALID: -94,-101
[ TICK 96] 0;3;-95;-100;1;3;-99;-93;2;3;-93;-96;3;3;-92;-83;4;3;-90;-100;5;3;-85;-95;6;3;-92;-94;7;3;-96;-77;8;3;-87;-89;9;3;-94;-67;10;2;-90;-85;11;3;-94;-86;12;2;-78;-86;13;2;-83;-91;14;2;-81;-68;15;2;-89;-91;16;3;-82;-85;17;3;-99;-80;18;2;-68;-65;19;2;-81;-89;20;2;-90;-81;21;2;-82;-90;22;2;-78;-71;23;2;-78;-78;24;2;-85;-75;25;2;-67;-68;26;2;-87;-83;27;2;-75;-76;28;2;-69;-57;29;3;-82;-86;30;2;-59;-77;31;2;-69;-72;32;2;-64;-77;33;2;-55;-45;34;2;-59;-62;35;2;-49;-67;36;2;-67;-70;37;2;-60;-50;38;2;-58;-72;39;2;-58;-55;
[ TICK 97] 0;3;-95;-99;1;3;-99;-92;2;3;-93;-97;3;3;-91;-82;4;3;-90;-100;5;3;-84;-95;6;3;-93;-94;7;3;-95;-77;8;3;-88;-90;9;3;-94;-67;10;2;-89;-85;11;3;-95;-85;12;2;-79;-85;13;2;-84;-90;14;2;-80;-67;15;2;-88;-91;16;3;-82;-84;17;3;-100;-81;18;2;-69;-64;19;2;-82;-90;20;2;-89;-82;21;2;-83;-90;22;2;-77;-72;23;2;-77;-77;24;2;-85;-75;25;2;-66;-67;26;2;-87;-84;27;2;-76;-75;28;2;-68;-56;29;3;-82;-85;30;2;-59;-76;31;2;-69;-72;32;2;-65;-78;33;2;-55;-46;34;2;-60;-62;35;2;-50;-67;36;2;-67;-69;37;2;-60;-49;38;2;-58;-73;39;2;-59;-54;
 INVALID: -90,-101
 INVALID: -91,-101
[ TICK 98] 0;3;-94;-99;1;3;-100;-91;2;3;-93;-96;3;3;-92;-82;4;3;-89;-99;5;3;-85;-94;6;3;-92;-94;7;3;-95;-78;8;3;-87;-90;9;3;-93;-67;10;2;-88;-85;11;3;-95;-84;12;2;-78;-84;13;2;-83;-89;14;2;-81;-68;15;2;-89;-91;16;3;-82;-85;17;3;-99;-81;18;2;-69;-65;19;2;-83;-90;20;2;-90;-81;21;2;-84;-91;22;2;-78;-73;23;2;-78;-78;24;2;-85;-75;25;2;-66;-67;26;2;-86;-85;27;2;-77;-76;28;2;-67;-56;29;3;-82;-85;30;2;-59;-75;31;2;-68;-72;32;2;-64;-77;33;2;-54;-46;34;2;-60;-61;35;2;-49;-67;36;2;-67;-68;37;2;-59;-48;38;2;-58;-74;39;2;-59;-54;
 INVALID: -101,-91
[ TICK 99] 0;3;-94;-98;1;3;-99;-91;2;3;-94;-97;3;3;-91;-83;4;3;-89;-100;5;3;-86;-95;6;3;-93;-94;7;3;-96;-79;8;3;-88;-90;9;3;-93;-66;10;2;-87;-84;11;3;-94;-83;12;2;-77;-85;13;2;-83;-89;14;2;-82;-68;15;2;-90;-90;16;3;-82;-86;17;3;-99;-82;18;2;-69;-66;19;2;-84;-90;20;2;-89;-82;21;2;-84;-90;22;2;-79;-73;23;2;-78;-78;24;2;-85;-75;25;2;-65;-68;26;2;-86;-86;27;2;-77;-75;28;2;-67;-56;29;3;-82;-85;30;2;-59;-74;31;2;-69;-72;32;2;-64;-77;33;2;-55;-46;34;2;-61;-60;35;2;-50;-67;36;2;-67;-69;37;2;-59;-48;38;2;-59;-75;39;2;-59;-55;
 INVALID: -88,-101
 INVALID: -88,-101
 INVALID: -89,-101
[ TICK 100] 0;3;-95;-98;1;3;-100;-91;2;3;-93;-97;3;3;-91;-83;4;3;-89;-99;5;3;-87;-96;6;3;-94;-95;7;3;-96;-80;8;3;-87;-90;9;3;-93;-65;10;2;-86;-84;11;3;-94;-82;12;2;-77;-86;13;2;-83;-89;14;2;-83;-68;15;2;-90;-91;16;3;-82;-85;17;3;-100;-81;18;2;-69;-67;19;2;-85;-89;20;2;-88;-82;21;2;-84;-90;22;2;-79;-74;23;2;-78;-77;24;2;-85;-74;25;2;-66;-69;26;2;-86;-85;27;2;-78;-76;28;2;-67;-57;29;3;-81;-86;30;2;-58;-75;31;2;-70;-72;32;2;-63;-78;33;2;-56;-47;34;2;-61;-60;35;2;-50;-66;36;2;-66;-70;37;2;-59;-49;38;2;-58;-74;39;2;-60;-56;
 INVALID: -101,-80
